0.00280201789792089,6.53344623194814e-08,1.12514795252424e-08,6.32857416427157e-07,9.20852190646965e-08,5.28221858006827e-08,7.85426735087328e-07,1.1512914640985e-08,3.52074907604687e-07,4.59141844257713e-07,8.50028948520443e-08,5.38486741181889e-08,-8.52607937294222e-09,-1.10560915991427e-08,1.86322220989617e-07,6.92910442727765e-08,1.90436599741332e-07,-2.12348342138915e-07,4.06951354681553e-07,7.07067102577213e-08,8.78384804481444e-08,2.89271795610851e-08,2.18282565531875e-07,-1.42578357666648e-07,4.75890663113128e-08,2.48325885266464e-07,4.01419451357971e-08,5.40918047227559e-08,-5.82601737945005e-08,8.11257379270093e-08,-9.04091793052553e-08,1.51701054650117e-08,9.62010452560536e-08,-1.67449690206049e-07,2.60955866428934e-07,3.91181897960643e-07,-2.91982840664911e-07,-4.22622605295958e-08,-9.88482954041585e-08,9.922411211769e-08,7.74812424463861e-08,1.59990698585013e-07,-5.10670062147195e-09,2.36048357375423e-08,1.20930826651008e-07,1.48499058219082e-07
6.53344623194814e-08,0.0014338006491569,1.12125101762073e-08,6.30665523219259e-07,9.17662831385675e-08,5.26392368657764e-08,7.82706420082316e-07,1.14730398149189e-08,3.5085550086532e-07,4.57551612613479e-07,8.47084884612181e-08,5.36621699547071e-08,-8.49654941092792e-09,-1.10177989735796e-08,1.85676896466167e-07,6.9051055666548e-08,1.89777025122037e-07,-2.11612876492529e-07,4.0554188410079e-07,7.04618185112649e-08,8.75342530444846e-08,2.88269906610931e-08,2.17526546782039e-07,-1.42084539429473e-07,4.74242422158524e-08,2.47465811880054e-07,4.00029140450472e-08,5.3904458479673e-08,-5.80583904608199e-08,8.08447600174007e-08,-9.00960483204442e-08,1.51175640073803e-08,9.58678542208913e-08,-1.66869730440863e-07,2.60052049271483e-07,3.8982704468258e-07,-2.90971561996661e-07,-4.21158857548034e-08,-9.8505935653471e-08,9.88804507308355e-08,7.72128871981904e-08,1.59436572937667e-07,-5.0890136320863e-09,2.35230807042857e-08,1.20511984348332e-07,1.47984733714635e-07
1.12514795252424e-08,1.12125101762073e-08,0.00349191885069578,1.08609146993193e-07,1.58033971534394e-08,9.06518971448036e-09,1.3479264919589e-07,1.97581288629292e-09,6.04220704381261e-08,7.87965863388933e-08,1.4587949295045e-08,9.24135265050508e-09,-1.46322091494063e-09,-1.89741424607245e-09,3.19760770155858e-08,1.18915272498825e-08,3.26821747163183e-08,-3.6442604141909e-08,6.98398064910329e-08,1.21344797239488e-08,1.50745842381216e-08,4.9643983233781e-09,3.74610182807764e-08,-2.44688825696132e-08,8.1670969860066e-09,4.26169653306487e-08,6.88904373509586e-09,9.28307801689019e-09,-9.99844137913199e-09,1.39225629134425e-08,-1.55157600903751e-08,2.60344932615849e-09,1.65097432595484e-08,-2.87372282373287e-08,4.47844859205791e-08,6.71334982475848e-08,-5.01092448916815e-08,-7.25292608884485e-09,-1.6964056621453e-08,1.70285531914907e-08,1.32971052114443e-08,2.74571378151233e-08,-8.76397090483516e-10,4.05099317448542e-09,2.07537963320359e-08,2.54849759579667e-08
6.32857416427157e-07,6.30665523219259e-07,1.08609146993193e-07,0.00917492885862321,8.88887285521902e-07,5.09886058029732e-07,7.58162760125054e-06,1.11132747987282e-07,3.3985357487311e-06,4.43203971014089e-06,8.20522481609697e-07,5.1979462341553e-07,-8.23011947730101e-08,-1.06723091391452e-07,1.79854546614602e-06,6.68857921827101e-07,1.83826105782693e-06,-2.04977241023147e-06,3.92825133801552e-06,6.82523171335594e-07,8.47894040356943e-07,2.79230503863952e-07,2.1070547382427e-06,-1.37629133760801e-06,4.59371399706015e-07,2.39705920582378e-06,3.87485255611531e-07,5.22141533216211e-07,-5.62378286811089e-07,7.83096763023791e-07,-8.72708680015738e-07,1.46435160874204e-07,9.28616849159526e-07,-1.61637124937679e-06,2.51897485945125e-06,3.77603071323798e-06,-2.81847442286325e-06,-4.07952399133446e-07,-9.54170429008135e-07,9.5779814148727e-07,7.47916896724163e-07,1.54437052133275e-06,-4.92943525518905e-08,2.27854574024447e-07,1.16733038515348e-06,1.43344313130406e-06
9.20852190646965e-08,9.17662831385675e-08,1.58033971534394e-08,8.88887285521902e-07,0.00273684682404901,7.41920188227845e-08,1.10318030634704e-06,1.61705989027442e-08,4.94510928998691e-07,6.44893047024493e-07,1.19391810074859e-07,7.56337849939376e-08,-1.19754044959213e-08,-1.55289627567708e-08,2.61701054532772e-07,9.73235465933669e-08,2.67479953326229e-07,-2.98256347368984e-07,5.71588284521562e-07,9.9311936808761e-08,1.23374564986087e-07,4.06300083564198e-08,3.06591330236419e-07,-2.00260099717208e-07,6.68417796425612e-08,3.48789026326813e-07,5.63818385012713e-08,7.5975276927999e-08,-8.1830008456871e-08,1.1394610397238e-07,-1.26985270130213e-07,2.13073490455449e-08,1.35120303187386e-07,-2.35193420706117e-07,3.66528614076423e-07,5.49439109660121e-07,-4.10107913600599e-07,-5.93599522847589e-08,-1.38838529342546e-07,1.3936638710272e-07,1.08827185222629e-07,2.24716806791747e-07,-7.17267608084623e-09,3.31544480941536e-08,1.69854806860918e-07,2.08576088920832e-07
5.28221858006827e-08,5.26392368657764e-08,9.06518971448036e-09,5.09886058029732e-07,7.41920188227845e-08,0.00235096918380151,6.32809431365707e-07,9.27582502843326e-09,2.83662768437192e-07,3.69925387564787e-07,6.8485870359099e-08,4.3385267302799e-08,-6.86936565658229e-09,-8.90776787373145e-09,1.50117704743175e-07,5.58270101667936e-08,1.53432613138808e-07,-1.71086656001641e-07,3.27876100780941e-07,5.6967596229015e-08,7.07704695820391e-08,2.33063011880143e-08,1.75867792628571e-07,-1.1487376913654e-07,3.8341972136126e-08,2.00073355322422e-07,3.23419108880637e-08,4.35811548792596e-08,-4.69395626647035e-08,6.53620889044555e-08,-7.28416525572405e-08,1.22223822849683e-08,7.75080934041561e-08,-1.34912320281372e-07,2.10249188204777e-07,3.15170827972274e-07,-2.35247270197853e-07,-3.40502250041048e-08,-7.96409528881393e-08,7.99437441609131e-08,6.24257601424206e-08,1.28902695149698e-07,-4.11441089545961e-09,1.90181490051955e-08,9.74325983939173e-08,1.19644010563904e-07
7.85426735087328e-07,7.82706420082316e-07,1.3479264919589e-07,7.58162760125054e-06,1.10318030634704e-06,6.32809431365707e-07,0.0128447035150628,1.37924640127813e-07,4.21785503008429e-06,5.50051621258676e-06,1.01833410981387e-06,6.45106754519954e-07,-1.02142373663392e-07,-1.324519031526e-07,2.23213895691744e-06,8.30106245327414e-07,2.28142918674853e-06,-2.54393171360661e-06,4.87527449775109e-06,8.47065914325533e-07,1.05230440622356e-06,3.46547416991355e-07,2.61502367002557e-06,-1.7080877679038e-06,5.70116695006165e-07,2.9749424388043e-06,4.80900233306303e-07,6.48019457530848e-07,-6.97956491033521e-07,9.71885795874253e-07,-1.083101361278e-06,1.81737761653698e-07,1.15248787649532e-06,-2.006046164797e-06,3.1262495283621e-06,4.68635651207439e-06,-3.49795247146547e-06,-5.06301597493098e-07,-1.18420191550208e-06,1.18870419720782e-06,9.28224764477134e-07,1.91668749523947e-06,-6.11782391706101e-08,2.82785773707267e-07,1.44875049162809e-06,1.77901772078402e-06
1.1512914640985e-08,1.14730398149189e-08,1.97581288629292e-09,1.11132747987282e-07,1.61705989027442e-08,9.27582502843326e-09,1.37924640127813e-07,0.00374964628230346,6.1826014776554e-08,8.06274739677973e-08,1.4926909358372e-08,9.45608121970196e-09,-1.49721976179418e-09,-1.94150184467856e-09,3.2719061027316e-08,1.21678342720795e-08,3.34415653467249e-08,-3.72893706858492e-08,7.14625777765748e-08,1.24164318977931e-08,1.54248515666293e-08,5.07974920210948e-09,3.83314483098317e-08,-2.50374322552193e-08,8.35686455755377e-09,4.3607196992078e-08,7.04911494548203e-09,9.49877610089318e-09,-1.02307613752121e-08,1.42460623108812e-08,-1.58762784138509e-08,2.66394208841143e-09,1.68933573993829e-08,-2.94049555858515e-08,4.58250812692933e-08,6.86933867800386e-08,-5.12735643226187e-08,-7.42145233174969e-09,-1.73582270144528e-08,1.7424222202358e-08,1.36060717106675e-08,2.80951214675446e-08,-8.96760721264076e-10,4.14512051721117e-09,2.12360236812473e-08,2.60771352046081e-08
3.52074907604687e-07,3.5085550086532e-07,6.04220704381261e-08,3.3985357487311e-06,4.94510928998691e-07,2.83662768437192e-07,4.21785503008429e-06,6.1826014776554e-08,0.00490747298798648,2.4656580312475e-06,4.56477824864922e-07,2.89175158988597e-07,-4.57862779092487e-08,-5.93728090492513e-08,1.00057724280312e-06,3.72102917521936e-07,1.02267205106256e-06,-1.14034127310563e-06,2.18538756279077e-06,3.79705248368052e-07,4.71705329144383e-07,1.5534313306041e-07,1.17220890998313e-06,-7.65666377524776e-07,2.55560160803372e-07,1.33354587701275e-06,2.15568044280494e-07,2.90480805457744e-07,-3.1286554953518e-07,4.35656932083794e-07,-4.85510353369961e-07,8.14656578189872e-08,5.16613510218107e-07,-8.99229026171503e-07,1.40137070038099e-06,2.10070330214538e-06,-1.56799003418169e-06,-2.26954444245737e-07,-5.30829625934914e-07,5.32847815977023e-07,4.16085464869405e-07,8.59173163641378e-07,-2.74237200507507e-08,1.26761377862744e-07,6.49416008770689e-07,7.97461394795143e-07
4.59141844257713e-07,4.57551612613479e-07,7.87965863388933e-08,4.43203971014089e-06,6.44893047024493e-07,3.69925387564787e-07,5.50051621258676e-06,8.06274739677973e-08,2.4656580312475e-06,0.00402205696800593,5.95293972516089e-07,3.77114111070419e-07,-5.97100095089784e-08,-7.74282417088428e-08,1.30485550279188e-06,4.85260426444609e-07,1.33366940231622e-06,-1.48712215471142e-06,2.84996986244827e-06,4.95174646770877e-07,6.15152202248735e-07,2.02583402183866e-07,1.52868082660774e-06,-9.98507604687268e-07,3.33276700541824e-07,1.73908080396738e-06,2.81122872650458e-07,3.78816808180733e-07,-4.08008813793615e-07,5.6814138963065e-07,-6.33155371875556e-07,1.06239585857324e-07,6.73717083287063e-07,-1.17268701792866e-06,1.82753134052966e-06,2.73953288789404e-06,-2.04482006675761e-06,-2.95971907803419e-07,-6.92256358445305e-07,6.94888285566441e-07,5.42618186023839e-07,1.12045005869593e-06,-3.5763347880067e-08,1.65309857520145e-07,8.46905182723925e-07,1.03997157315648e-06
8.50028948520443e-08,8.47084884612181e-08,1.4587949295045e-08,8.20522481609697e-07,1.19391810074859e-07,6.8485870359099e-08,1.01833410981387e-06,1.4926909358372e-08,4.56477824864922e-07,5.95293972516089e-07,0.00146111863458498,6.98167495109601e-08,-1.10543696319201e-08,-1.43346217968781e-08,2.41573484290561e-07,8.98383397653838e-08,2.46907924839111e-07,-2.75317289700408e-07,5.27627119111386e-07,9.16738018093545e-08,1.13885760184391e-07,3.75051323462887e-08,2.83011224508516e-07,-1.84857986680382e-07,6.17009420663734e-08,3.21963472873698e-07,5.2045480679384e-08,7.01319771148979e-08,-7.5536418061995e-08,1.05182447228142e-07,-1.17218764034794e-07,1.96685892577588e-08,1.24728127281146e-07,-2.17104566978646e-07,3.38338699294556e-07,5.07181449318454e-07,-3.78566291223036e-07,-5.47945461142761e-08,-1.28160382643227e-07,1.2864764257637e-07,1.0045722729968e-07,2.07433715130609e-07,-6.62102166776178e-09,3.06045214840059e-08,1.56791181411743e-07,1.9253438863768e-07
5.38486741181889e-08,5.36621699547071e-08,9.24135265050508e-09,5.1979462341553e-07,7.56337849939376e-08,4.3385267302799e-08,6.45106754519954e-07,9.45608121970196e-09,2.89175158988597e-07,3.77114111070419e-07,6.98167495109601e-08,0.00262951558106388,-7.00285736065087e-09,-9.08087164667916e-09,1.53034927266892e-07,5.69118909393112e-08,1.56414253949844e-07,-1.74411366083301e-07,3.34247684651231e-07,5.80746418977829e-08,7.21457451248671e-08,2.37592102361944e-08,1.79285414065897e-07,-1.17106099741932e-07,3.90870678922235e-08,2.03961361067919e-07,3.29704080467707e-08,4.44280631559408e-08,-4.78517345480478e-08,6.66322639199574e-08,-7.42571771941799e-08,1.24598986322652e-08,7.90143005250004e-08,-1.37534058071229e-07,2.14334939905242e-07,3.21295511531433e-07,-2.39818807155724e-07,-3.47119196622369e-08,-8.11886076565962e-08,8.14972830422561e-08,6.36388737712173e-08,1.31407648488159e-07,-4.19436583586185e-09,1.93877268157028e-08,9.93259964515634e-08,1.21969040799624e-07
-8.52607937294222e-09,-8.49654941092792e-09,-1.46322091494063e-09,-8.23011947730101e-08,-1.19754044959213e-08,-6.86936565658229e-09,-1.02142373663392e-07,-1.49721976179418e-09,-4.57862779092487e-08,-5.97100095089784e-08,-1.10543696319201e-08,-7.00285736065087e-09,0.0046345235567599,1.43781130553286e-09,-2.42306418510169e-08,-9.01109093879986e-09,-2.47657043757267e-08,2.76152602663102e-08,-5.29227940376707e-08,-9.19519402258490e-09,-1.14231289707262e-08,-3.76189229594773e-09,-2.83869880877962e-08,1.85418846017258e-08,-6.18881427931224e-09,-3.22940310407942e-08,-5.22033867255624e-09,-7.03447576113469e-09,7.57655956382792e-09,-1.05501570889838e-08,1.17574405895048e-08,-1.97282637794091e-09,-1.25106552557829e-08,2.17763262475956e-08,-3.39365219283945e-08,-5.08720238398918e-08,3.79714861771009e-08,5.49607928280368e-09,1.2854922138649e-08,-1.29037959666811e-08,-1.00762014638866e-08,-2.08063069252673e-08,6.64110985485449e-10,-3.06973756361751e-09,-1.57266886030264e-08,-1.93118538186618e-08
-1.10560915991427e-08,-1.10177989735796e-08,-1.89741424607245e-09,-1.06723091391452e-07,-1.55289627567708e-08,-8.90776787373145e-09,-1.324519031526e-07,-1.94150184467856e-09,-5.93728090492513e-08,-7.74282417088428e-08,-1.43346217968781e-08,-9.08087164667916e-09,1.43781130553286e-09,0.00324432292474568,-3.14207954316073e-08,-1.16850245546326e-08,-3.21146313702257e-08,3.58097589388418e-08,-6.86270011067392e-08,-1.19237580297714e-08,-1.48128060653495e-08,-4.87818890615778e-09,-3.68104877745402e-08,2.40439674099201e-08,-8.02527100314181e-09,-4.18768990616807e-08,-6.7694118266708e-09,-9.12187242988519e-09,9.82481312687283e-09,-1.36807902036805e-08,1.52463206642875e-08,-2.55823904395494e-09,-1.62230427870742e-08,2.82381909849792e-08,-4.40067795037625e-08,-6.59676893452993e-08,4.92390712033376e-08,7.12697516981467e-09,1.6669466755821e-08,-1.67328433086172e-08,-1.30661939073297e-08,-2.69803300137765e-08,8.61177988892016e-10,-3.98064552347377e-09,-2.03933956207415e-08,-2.50424157961715e-08
1.86322220989617e-07,1.85676896466167e-07,3.19760770155858e-08,1.79854546614602e-06,2.61701054532772e-07,1.50117704743175e-07,2.23213895691744e-06,3.2719061027316e-08,1.00057724280312e-06,1.30485550279188e-06,2.41573484290561e-07,1.53034927266892e-07,-2.42306418510169e-08,-3.14207954316073e-08,0.00808429211645496,1.96921281613312e-07,5.41210190735688e-07,-6.03482140027236e-07,1.15653304347225e-06,2.00944525353069e-07,2.49632060338428e-07,8.220943027215e-08,6.20346871800092e-07,-4.05199737090243e-07,1.35245471145056e-07,7.05728310168428e-07,1.14081168288845e-07,1.53725890879192e-07,-1.65572163199953e-07,2.30554820642079e-07,-2.56937843053887e-07,4.31125932901097e-08,2.7339800291919e-07,-4.75882676429549e-07,7.41622011921207e-07,1.11171712735469e-06,-8.29798941497836e-07,-1.2010698633147e-07,-2.80921340132346e-07,2.8198939026288e-07,2.20197367836879e-07,4.546846384295e-07,-1.45129582293053e-08,6.70836260947329e-08,3.4367866180406e-07,4.22026037704854e-07
6.92910442727765e-08,6.9051055666548e-08,1.18915272498825e-08,6.68857921827101e-07,9.73235465933669e-08,5.58270101667936e-08,8.30106245327414e-07,1.21678342720795e-08,3.72102917521936e-07,4.85260426444609e-07,8.98383397653838e-08,5.69118909393112e-08,-9.01109093879986e-09,-1.16850245546326e-08,1.96921281613312e-07,0.00199319817328911,2.01269709474074e-07,-2.2442791557743e-07,4.30101046952583e-07,7.47289074199448e-08,9.28352294908416e-08,3.05727209689322e-08,2.30699711124493e-07,-1.50689020197983e-07,5.02962012744943e-08,2.62452064626029e-07,4.24254457713495e-08,5.7168852186319e-08,-6.15743416415514e-08,8.57406282490727e-08,-9.55521642230247e-08,1.603306677278e-08,1.01673504232316e-07,-1.76975174651685e-07,2.75800510474602e-07,4.1343453443822e-07,-3.08592474303072e-07,-4.46663766842252e-08,-1.04471344925428e-07,1.04868540216936e-07,8.18888132746352e-08,1.69091873445012e-07,-5.39719860494681e-09,2.49476121582275e-08,1.2781005531273e-07,1.56946523648948e-07
1.90436599741332e-07,1.89777025122037e-07,3.26821747163183e-08,1.83826105782693e-06,2.67479953326229e-07,1.53432613138808e-07,2.28142918674853e-06,3.34415653467249e-08,1.02267205106256e-06,1.33366940231622e-06,2.46907924839111e-07,1.56414253949844e-07,-2.47657043757267e-08,-3.21146313702257e-08,5.41210190735688e-07,2.01269709474074e-07,0.00621192232524096,-6.16808269786638e-07,1.18207167732089e-06,2.05381794729717e-07,2.55144450859258e-07,8.40247839712732e-08,6.34045409604499e-07,-4.14147382624039e-07,1.38231969963015e-07,7.2131224614997e-07,1.16600315668505e-07,1.57120475463159e-07,-1.69228337898425e-07,2.35645946381762e-07,-2.62611560318299e-07,4.40646082286502e-08,2.79435194446843e-07,-4.86391146980252e-07,7.57998554834051e-07,1.13626613338527e-06,-8.48122612796734e-07,-1.22759196196027e-07,-2.87124662455389e-07,2.88216297334642e-07,2.25059779666235e-07,4.64725012600383e-07,-1.48334342661733e-08,6.85649708550423e-08,3.51267795166867e-07,4.31345242644453e-07
-2.12348342138915e-07,-2.11612876492529e-07,-3.6442604141909e-08,-2.04977241023147e-06,-2.98256347368984e-07,-1.71086656001641e-07,-2.54393171360661e-06,-3.72893706858492e-08,-1.14034127310563e-06,-1.48712215471142e-06,-2.75317289700408e-07,-1.74411366083301e-07,2.76152602663102e-08,3.58097589388418e-08,-6.03482140027236e-07,-2.2442791557743e-07,-6.16808269786638e-07,0.00579778890044089,-1.31808151011624e-06,-2.29013139678027e-07,-2.8450151504227e-07,-9.36927229278176e-08,-7.06999031452895e-07,4.61799413667531e-07,-1.54137018262838e-07,-8.04306839349638e-07,-1.30016413644815e-07,-1.75198845841598e-07,1.88699845746381e-07,-2.62759501660344e-07,2.9282779432026e-07,-4.91347068634088e-08,-3.11587165264713e-07,5.42355586229705e-07,-8.45214295368295e-07,-1.26700555450313e-06,9.45708078187363e-07,1.36883938433786e-07,3.20161387792121e-07,-3.21378626795259e-07,-2.50955284641652e-07,-5.18196534228286e-07,1.6540177565273e-08,-7.64540950092968e-08,-3.91684865471199e-07,-4.80976069145692e-07
4.06951354681553e-07,4.0554188410079e-07,6.98398064910329e-08,3.92825133801552e-06,5.71588284521562e-07,3.27876100780941e-07,4.87527449775109e-06,7.14625777765748e-08,2.18538756279077e-06,2.84996986244827e-06,5.27627119111386e-07,3.34247684651231e-07,-5.29227940376707e-08,-6.86270011067392e-08,1.15653304347225e-06,4.30101046952583e-07,1.18207167732089e-06,-1.31808151011624e-06,0.00610290439536488,4.38888321392595e-07,5.45228070957417e-07,1.79555819156506e-07,1.35491622260975e-06,-8.85007601614369e-07,2.95393256932529e-07,1.54140010963142e-06,2.49167736044681e-07,3.35756836788682e-07,-3.61630597541723e-07,5.03560960632199e-07,-5.61184826717809e-07,9.41633700481849e-08,5.97135902869018e-07,-1.03938810311455e-06,1.61979650526929e-06,2.428131162224e-06,-1.81238609953389e-06,-2.62328886671196e-07,-6.13567825236402e-07,6.15900582140973e-07,4.80938970470538e-07,9.93088900395239e-07,-3.16981408899249e-08,1.46519145012358e-07,7.50637772851042e-07,9.21758375585536e-07
7.07067102577213e-08,7.04618185112649e-08,1.21344797239488e-08,6.82523171335594e-07,9.9311936808761e-08,5.6967596229015e-08,8.47065914325533e-07,1.24164318977931e-08,3.79705248368052e-07,4.95174646770877e-07,9.16738018093545e-08,5.80746418977829e-08,-9.19519402258490e-09,-1.19237580297714e-08,2.00944525353069e-07,7.47289074199448e-08,2.05381794729717e-07,-2.29013139678027e-07,4.38888321392595e-07,0.00153472049639826,9.4731920152298e-08,3.1197343697557e-08,2.35413072529321e-07,-1.53767705509163e-07,5.13237889240027e-08,2.67814149502496e-07,4.3292228212067e-08,5.8336853048305e-08,-6.28323498289322e-08,8.74923710928113e-08,-9.75043638196405e-08,1.63606338848475e-08,1.03750767218066e-07,-1.80590905047488e-07,2.81435313722368e-07,4.21881300013027e-07,-3.14897241010888e-07,-4.55789429589326e-08,-1.06605769813443e-07,1.07011080091086e-07,8.3561860761754e-08,1.72546542314258e-07,-5.50746726317249e-09,2.54573098588274e-08,1.30421306878342e-07,1.60153054266534e-07
8.78384804481444e-08,8.75342530444846e-08,1.50745842381216e-08,8.47894040356943e-07,1.23374564986087e-07,7.07704695820391e-08,1.05230440622356e-06,1.54248515666293e-08,4.71705329144383e-07,6.15152202248735e-07,1.13885760184391e-07,7.21457451248671e-08,-1.14231289707262e-08,-1.48128060653495e-08,2.49632060338428e-07,9.28352294908416e-08,2.55144450859258e-07,-2.8450151504227e-07,5.45228070957417e-07,9.4731920152298e-08,0.00292080363104287,3.87562545962553e-08,2.92452109470702e-07,-1.91024607773315e-07,6.37592049395819e-08,3.32703753986949e-07,5.37816499664823e-08,7.24714883101244e-08,-7.80562143514084e-08,1.08691196345943e-07,-1.21129028967162e-07,2.03247077169241e-08,1.28888894767507e-07,-2.24346891890565e-07,3.49625236582407e-07,5.24100360313189e-07,-3.91194768458188e-07,-5.66224206352195e-08,-1.3243564568746e-07,1.32939159975827e-07,1.03808349249714e-07,2.1435343305073e-07,-6.84189030647403e-09,3.16254483647508e-08,1.62021530523741e-07,1.98957084477924e-07
2.89271795610851e-08,2.88269906610931e-08,4.9643983233781e-09,2.79230503863952e-07,4.06300083564198e-08,2.33063011880143e-08,3.46547416991355e-07,5.07974920210948e-09,1.5534313306041e-07,2.02583402183866e-07,3.75051323462887e-08,2.37592102361944e-08,-3.76189229594773e-09,-4.87818890615778e-09,8.220943027215e-08,3.05727209689322e-08,8.40247839712732e-08,-9.36927229278176e-08,1.79555819156506e-07,3.1197343697557e-08,3.87562545962553e-08,0.00399638335884677,9.63110317996838e-08,-6.29086830902854e-08,2.09973346595874e-08,1.09566800144149e-07,1.77115022679645e-08,2.386648476511e-08,-2.57056601717368e-08,3.57944460943219e-08,-3.98905030359845e-08,6.69338160968216e-09,4.24460006975025e-08,-7.38824578086929e-08,1.15139423474849e-07,1.72597990692237e-07,-1.28829201653e-07,-1.86470316943295e-08,-4.36140252375045e-08,4.37798437734907e-08,3.41864151493272e-08,7.05913879174411e-08,-2.2531877648938e-09,1.04149686888886e-08,5.33573199617104e-08,6.55210253897838e-08
2.18282565531875e-07,2.17526546782039e-07,3.74610182807764e-08,2.1070547382427e-06,3.06591330236419e-07,1.75867792628571e-07,2.61502367002557e-06,3.83314483098317e-08,1.17220890998313e-06,1.52868082660774e-06,2.83011224508516e-07,1.79285414065897e-07,-2.83869880877962e-08,-3.68104877745402e-08,6.20346871800092e-07,2.30699711124493e-07,6.34045409604499e-07,-7.06999031452895e-07,1.35491622260975e-06,2.35413072529321e-07,2.92452109470702e-07,9.63110317996838e-08,0.00984812946142135,-4.74704722255476e-07,1.58444485372226e-07,8.26783758232594e-07,1.33649813536467e-07,1.80094900498492e-07,-1.93973195317171e-07,2.70102500271821e-07,-3.01011072464374e-07,5.05078107169079e-08,3.20294687190411e-07,-5.57512093573669e-07,8.68834401808108e-07,1.30241291358496e-06,-9.72136553888953e-07,-1.40709256123542e-07,-3.29108522381548e-07,3.30359777982577e-07,2.57968406127354e-07,5.32677899915412e-07,-1.70024044310112e-08,7.85906583303092e-08,4.02630773821296e-07,4.94417282824259e-07
-1.42578357666648e-07,-1.42084539429473e-07,-2.44688825696132e-08,-1.37629133760801e-06,-2.00260099717208e-07,-1.1487376913654e-07,-1.7080877679038e-06,-2.50374322552193e-08,-7.65666377524776e-07,-9.98507604687268e-07,-1.84857986680382e-07,-1.17106099741932e-07,1.85418846017258e-08,2.40439674099201e-08,-4.05199737090243e-07,-1.50689020197983e-07,-4.14147382624039e-07,4.61799413667531e-07,-8.85007601614369e-07,-1.53767705509163e-07,-1.91024607773315e-07,-6.29086830902854e-08,-4.74704722255476e-07,0.00166274838169575,-1.03493169281127e-07,-5.4004070415348e-07,-8.72977228852501e-08,-1.17634842135221e-07,1.26699901809774e-07,-1.76426233568287e-07,1.9661517284659e-07,-3.29908194170599e-08,-2.09210893035306e-07,3.64157157890013e-07,-5.67507449769253e-07,-8.50713357570742e-07,6.34982610468545e-07,9.19088274306577e-08,2.14967936174482e-07,-2.15785234469383e-07,-1.68500455297012e-07,-3.47935896530261e-07,1.11056734845079e-08,-5.13340447752793e-08,-2.62991386131152e-07,-3.2294472998942e-07
4.75890663113128e-08,4.74242422158524e-08,8.1670969860066e-09,4.59371399706015e-07,6.68417796425612e-08,3.8341972136126e-08,5.70116695006165e-07,8.35686455755377e-09,2.55560160803372e-07,3.33276700541824e-07,6.17009420663734e-08,3.90870678922235e-08,-6.18881427931224e-09,-8.02527100314181e-09,1.35245471145056e-07,5.02962012744943e-08,1.38231969963015e-07,-1.54137018262838e-07,2.95393256932529e-07,5.13237889240027e-08,6.37592049395819e-08,2.09973346595874e-08,1.58444485372226e-07,-1.03493169281127e-07,0.00424719936342783,1.8025199126543e-07,2.91377821374961e-08,3.9263548791763e-08,-4.22892374939495e-08,5.88866351509417e-08,-6.56251948159124e-08,1.10115049618801e-08,6.98293291116729e-08,-1.21546491474427e-07,1.8941969946362e-07,2.83946701644634e-07,-2.11941209385853e-07,-3.0676852748008e-08,-7.17508851752366e-08,7.20236787702024e-08,5.62412098992194e-08,1.16132242810494e-07,-3.70679421852862e-09,1.71340117870507e-08,8.77799037576312e-08,1.07790820583639e-07
2.48325885266464e-07,2.47465811880054e-07,4.26169653306487e-08,2.39705920582378e-06,3.48789026326813e-07,2.00073355322422e-07,2.9749424388043e-06,4.3607196992078e-08,1.33354587701275e-06,1.73908080396738e-06,3.21963472873698e-07,2.03961361067919e-07,-3.22940310407942e-08,-4.18768990616807e-08,7.05728310168428e-07,2.62452064626029e-07,7.2131224614997e-07,-8.04306839349638e-07,1.54140010963142e-06,2.67814149502496e-07,3.32703753986949e-07,1.09566800144149e-07,8.26783758232594e-07,-5.4004070415348e-07,1.8025199126543e-07,0.0046923040182345,1.52044704904728e-07,2.04882261161316e-07,-2.20670695012824e-07,3.07278056446018e-07,-3.42440729806285e-07,5.74594529736532e-08,3.64378444741567e-07,-6.34245267578296e-07,9.88416420034477e-07,1.48167050795099e-06,-1.10593656326213e-06,-1.6007577383436e-07,-3.74405372091898e-07,3.75828844250854e-07,2.9347388631915e-07,6.05993019809268e-07,-1.93425302735539e-08,8.94074831674926e-08,4.58046858213669e-07,5.62466402890271e-07
4.01419451357971e-08,4.00029140450472e-08,6.88904373509586e-09,3.87485255611531e-07,5.63818385012713e-08,3.23419108880637e-08,4.80900233306303e-07,7.04911494548203e-09,2.15568044280494e-07,2.81122872650458e-07,5.2045480679384e-08,3.29704080467707e-08,-5.22033867255624e-09,-6.7694118266708e-09,1.14081168288845e-07,4.24254457713495e-08,1.16600315668505e-07,-1.30016413644815e-07,2.49167736044681e-07,4.3292228212067e-08,5.37816499664823e-08,1.77115022679645e-08,1.33649813536467e-07,-8.72977228852501e-08,2.91377821374961e-08,1.52044704904728e-07,0.0177896278322021,3.31192717908183e-08,-3.56714763053309e-08,4.96715792236268e-08,-5.535563468704e-08,9.28833579441906e-09,5.89018721177126e-08,-1.02525915518019e-07,1.59777776133849e-07,2.39512430110441e-07,-1.78774938418133e-07,-2.58762912450066e-08,-6.05227275800649e-08,6.07528322316434e-08,4.74401314658412e-08,9.79589321820281e-08,-3.12672514262995e-09,1.44527433384081e-08,7.40433959685976e-08,9.09228430267055e-08
5.40918047227559e-08,5.3904458479673e-08,9.28307801689019e-09,5.22141533216211e-07,7.5975276927999e-08,4.35811548792596e-08,6.48019457530848e-07,9.49877610089318e-09,2.90480805457744e-07,3.78816808180733e-07,7.01319771148979e-08,4.44280631559408e-08,-7.03447576113469e-09,-9.12187242988519e-09,1.53725890879192e-07,5.7168852186319e-08,1.57120475463159e-07,-1.75198845841598e-07,3.35756836788682e-07,5.8336853048305e-08,7.24714883101244e-08,2.386648476511e-08,1.80094900498492e-07,-1.17634842135221e-07,3.9263548791763e-08,2.04882261161316e-07,3.31192717908183e-08,0.00427797271516943,-4.80677885427053e-08,6.69331133443085e-08,-7.45924536458346e-08,1.25161559633307e-08,7.93710557278103e-08,-1.38155034153463e-07,2.15302677447017e-07,3.22746183683394e-07,-2.4090160617585e-07,-3.4868646455447e-08,-8.15551800111944e-08,8.18652490882378e-08,6.3926207825534e-08,1.32000963394141e-07,-4.21330369678689e-09,1.94752637851653e-08,9.97744604102763e-08,1.22519739718654e-07
-5.82601737945005e-08,-5.80583904608199e-08,-9.99844137913199e-09,-5.62378286811089e-07,-8.1830008456871e-08,-4.69395626647035e-08,-6.97956491033521e-07,-1.02307613752121e-08,-3.1286554953518e-07,-4.08008813793615e-07,-7.5536418061995e-08,-4.78517345480478e-08,7.57655956382792e-09,9.82481312687283e-09,-1.65572163199953e-07,-6.15743416415514e-08,-1.69228337898425e-07,1.88699845746381e-07,-3.61630597541723e-07,-6.28323498289322e-08,-7.80562143514084e-08,-2.57056601717368e-08,-1.93973195317171e-07,1.26699901809774e-07,-4.22892374939495e-08,-2.20670695012824e-07,-3.56714763053309e-08,-4.80677885427053e-08,0.00105840885309296,-7.2091046620338e-08,8.03406234167729e-08,-1.34806635755666e-08,-8.5487469398666e-08,1.48801400537849e-07,-2.31894119095781e-07,-3.47617330375298e-07,2.594657271118e-07,3.75556595474198e-08,8.78399045039643e-08,-8.81738678170658e-08,-6.88524259271418e-08,-1.42173090873946e-07,4.53798513253432e-09,-2.09760472706163e-08,-1.07463181040987e-07,-1.3196123453176e-07
8.11257379270093e-08,8.08447600174007e-08,1.39225629134425e-08,7.83096763023791e-07,1.1394610397238e-07,6.53620889044555e-08,9.71885795874253e-07,1.42460623108812e-08,4.35656932083794e-07,5.6814138963065e-07,1.05182447228142e-07,6.66322639199574e-08,-1.05501570889838e-08,-1.36807902036805e-08,2.30554820642079e-07,8.57406282490727e-08,2.35645946381762e-07,-2.62759501660344e-07,5.03560960632199e-07,8.74923710928113e-08,1.08691196345943e-07,3.57944460943219e-08,2.70102500271821e-07,-1.76426233568287e-07,5.88866351509417e-08,3.07278056446018e-07,4.96715792236268e-08,6.69331133443085e-08,-7.2091046620338e-08,0.00476791377207659,-1.11872175033177e-07,1.87714644341969e-08,1.1903902077158e-07,-2.07201980992802e-07,3.22906375098298e-07,4.84047859904857e-07,-3.6129910379189e-07,-5.22952541279161e-08,-1.22314723904837e-07,1.22779758909907e-07,9.58751664748963e-08,1.97972236595034e-07,-6.31902324694738e-09,2.92085862912618e-08,1.49639613034535e-07,1.83752499038352e-07
-9.04091793052553e-08,-9.00960483204442e-08,-1.55157600903751e-08,-8.72708680015738e-07,-1.26985270130213e-07,-7.28416525572405e-08,-1.083101361278e-06,-1.58762784138509e-08,-4.85510353369961e-07,-6.33155371875556e-07,-1.17218764034794e-07,-7.42571771941799e-08,1.17574405895048e-08,1.52463206642875e-08,-2.56937843053887e-07,-9.55521642230247e-08,-2.62611560318299e-07,2.9282779432026e-07,-5.61184826717809e-07,-9.75043638196405e-08,-1.21129028967162e-07,-3.98905030359845e-08,-3.01011072464374e-07,1.9661517284659e-07,-6.56251948159124e-08,-3.42440729806285e-07,-5.535563468704e-08,-7.45924536458346e-08,8.03406234167729e-08,-1.11872175033177e-07,0.00643043280219886,-2.09195347520964e-08,-1.3266098341001e-07,2.30912673716902e-07,-3.59857439957444e-07,-5.39438788191207e-07,4.0264355421874e-07,5.82795439286916e-08,1.36311534264683e-07,-1.36829784504753e-07,-1.06846425539437e-07,-2.20626744275492e-07,7.04212646153497e-09,-3.25510051771194e-08,-1.6676328563175e-07,-2.04779803029886e-07
1.51701054650117e-08,1.51175640073803e-08,2.60344932615849e-09,1.46435160874204e-07,2.13073490455449e-08,1.22223822849683e-08,1.81737761653698e-07,2.66394208841143e-09,8.14656578189872e-08,1.06239585857324e-07,1.96685892577588e-08,1.24598986322652e-08,-1.97282637794091e-09,-2.55823904395494e-09,4.31125932901097e-08,1.603306677278e-08,4.40646082286502e-08,-4.91347068634088e-08,9.41633700481849e-08,1.63606338848475e-08,2.03247077169241e-08,6.69338160968216e-09,5.05078107169079e-08,-3.29908194170599e-08,1.10115049618801e-08,5.74594529736532e-08,9.28833579441906e-09,1.25161559633307e-08,-1.34806635755666e-08,1.87714644341969e-08,-2.09195347520964e-08,0.00316979137451265,2.22596989032178e-08,-3.87457295864382e-08,6.03818700542744e-08,9.0514518234356e-08,-6.75611174577975e-08,-9.77894982174271e-09,-2.28722389339573e-08,2.29591981438467e-08,1.79281745111313e-08,3.70198137487884e-08,-1.18162560417386e-09,5.46185890994299e-09,2.79818559372594e-08,3.43607942571723e-08
9.62010452560536e-08,9.58678542208913e-08,1.65097432595484e-08,9.28616849159526e-07,1.35120303187386e-07,7.75080934041561e-08,1.15248787649532e-06,1.68933573993829e-08,5.16613510218107e-07,6.73717083287063e-07,1.24728127281146e-07,7.90143005250004e-08,-1.25106552557829e-08,-1.62230427870742e-08,2.7339800291919e-07,1.01673504232316e-07,2.79435194446843e-07,-3.11587165264713e-07,5.97135902869018e-07,1.03750767218066e-07,1.28888894767507e-07,4.24460006975025e-08,3.20294687190411e-07,-2.09210893035306e-07,6.98293291116729e-08,3.64378444741567e-07,5.89018721177126e-08,7.93710557278103e-08,-8.5487469398666e-08,1.1903902077158e-07,-1.3266098341001e-07,2.22596989032178e-08,0.00283622164227784,-2.45705588139818e-07,3.82910918261828e-07,5.7399675203817e-07,-4.28438031172391e-07,-6.20130951975175e-08,-1.45044033996187e-07,1.45595484802202e-07,1.1369130764988e-07,2.34760713169184e-07,-7.49326486127718e-09,3.46363139919806e-08,1.7744661008305e-07,2.1789857235944e-07
-1.67449690206049e-07,-1.66869730440863e-07,-2.87372282373287e-08,-1.61637124937679e-06,-2.35193420706117e-07,-1.34912320281372e-07,-2.006046164797e-06,-2.94049555858515e-08,-8.99229026171503e-07,-1.17268701792866e-06,-2.17104566978646e-07,-1.37534058071229e-07,2.17763262475956e-08,2.82381909849792e-08,-4.75882676429549e-07,-1.76975174651685e-07,-4.86391146980252e-07,5.42355586229705e-07,-1.03938810311455e-06,-1.80590905047488e-07,-2.24346891890565e-07,-7.38824578086929e-08,-5.57512093573669e-07,3.64157157890013e-07,-1.21546491474427e-07,-6.34245267578296e-07,-1.02525915518019e-07,-1.38155034153463e-07,1.48801400537849e-07,-2.07201980992802e-07,2.30912673716902e-07,-3.87457295864382e-08,-2.45705588139818e-07,0.00254274773232936,-6.66503305331002e-07,-9.99111579840363e-07,7.45748815944307e-07,1.07941379970496e-07,2.52466888423636e-07,-2.53426756025752e-07,-1.97893631970648e-07,-4.08629746050055e-07,1.30429443496487e-08,-6.02887425224898e-08,-3.08867536807252e-07,-3.79279126758061e-07
2.60955866428934e-07,2.60052049271483e-07,4.47844859205791e-08,2.51897485945125e-06,3.66528614076423e-07,2.10249188204777e-07,3.1262495283621e-06,4.58250812692933e-08,1.40137070038099e-06,1.82753134052966e-06,3.38338699294556e-07,2.14334939905242e-07,-3.39365219283945e-08,-4.40067795037625e-08,7.41622011921207e-07,2.75800510474602e-07,7.57998554834051e-07,-8.45214295368295e-07,1.61979650526929e-06,2.81435313722368e-07,3.49625236582407e-07,1.15139423474849e-07,8.68834401808108e-07,-5.67507449769253e-07,1.8941969946362e-07,9.88416420034477e-07,1.59777776133849e-07,2.15302677447017e-07,-2.31894119095781e-07,3.22906375098298e-07,-3.59857439957444e-07,6.03818700542744e-08,3.82910918261828e-07,-6.66503305331002e-07,0.0167496892610177,1.55702902558732e-06,-1.16218506085996e-06,-1.68217309324816e-07,-3.93447820250591e-07,3.94943690929475e-07,3.08400117839116e-07,6.36814133832749e-07,-2.03263012273043e-08,9.39547933561893e-08,4.8134335501085e-07,5.91073730980147e-07
3.91181897960643e-07,3.8982704468258e-07,6.71334982475848e-08,3.77603071323798e-06,5.49439109660121e-07,3.15170827972274e-07,4.68635651207439e-06,6.86933867800386e-08,2.10070330214538e-06,2.73953288789404e-06,5.07181449318454e-07,3.21295511531433e-07,-5.08720238398918e-08,-6.59676893452993e-08,1.11171712735469e-06,4.1343453443822e-07,1.13626613338527e-06,-1.26700555450313e-06,2.428131162224e-06,4.21881300013027e-07,5.24100360313189e-07,1.72597990692237e-07,1.30241291358496e-06,-8.50713357570742e-07,2.83946701644634e-07,1.48167050795099e-06,2.39512430110441e-07,3.22746183683394e-07,-3.47617330375298e-07,4.84047859904857e-07,-5.39438788191207e-07,9.0514518234356e-08,5.7399675203817e-07,-9.99111579840363e-07,1.55702902558732e-06,0.00322161456311478,-1.74215572966439e-06,-2.5216358318365e-07,-5.89791933710056e-07,5.9203429575877e-07,4.62302476960966e-07,9.54606481662284e-07,-3.04698307856665e-08,1.40841495117655e-07,7.21550389959007e-07,8.86040030766886e-07
-2.91982840664911e-07,-2.90971561996661e-07,-5.01092448916815e-08,-2.81847442286325e-06,-4.10107913600599e-07,-2.35247270197853e-07,-3.49795247146547e-06,-5.12735643226187e-08,-1.56799003418169e-06,-2.04482006675761e-06,-3.78566291223036e-07,-2.39818807155724e-07,3.79714861771009e-08,4.92390712033376e-08,-8.29798941497836e-07,-3.08592474303072e-07,-8.48122612796734e-07,9.45708078187363e-07,-1.81238609953389e-06,-3.14897241010888e-07,-3.91194768458188e-07,-1.28829201653e-07,-9.72136553888953e-07,6.34982610468545e-07,-2.11941209385853e-07,-1.10593656326213e-06,-1.78774938418133e-07,-2.4090160617585e-07,2.594657271118e-07,-3.6129910379189e-07,4.0264355421874e-07,-6.75611174577975e-08,-4.28438031172391e-07,7.45748815944307e-07,-1.16218506085996e-06,-1.74215572966439e-06,0.00747739230798901,1.8821791016928e-07,4.40227743419863e-07,-4.41901469234365e-07,-3.45068090249585e-07,-7.12529679123681e-07,2.27430456106462e-08,-1.05125774076804e-07,-5.38573828803043e-07,-6.613508612614e-07
-4.22622605295958e-08,-4.21158857548034e-08,-7.25292608884485e-09,-4.07952399133446e-07,-5.93599522847589e-08,-3.40502250041048e-08,-5.06301597493098e-07,-7.42145233174969e-09,-2.26954444245737e-07,-2.95971907803419e-07,-5.47945461142761e-08,-3.47119196622369e-08,5.49607928280368e-09,7.12697516981467e-09,-1.2010698633147e-07,-4.46663766842252e-08,-1.22759196196027e-07,1.36883938433786e-07,-2.62328886671196e-07,-4.55789429589326e-08,-5.66224206352195e-08,-1.86470316943295e-08,-1.40709256123542e-07,9.19088274306577e-08,-3.0676852748008e-08,-1.6007577383436e-07,-2.58762912450066e-08,-3.4868646455447e-08,3.75556595474198e-08,-5.22952541279161e-08,5.82795439286916e-08,-9.77894982174271e-09,-6.20130951975175e-08,1.07941379970496e-07,-1.68217309324816e-07,-2.5216358318365e-07,1.8821791016928e-07,0.00193365136701927,6.37195649662099e-08,-6.39618238478158e-08,-4.99459403072059e-08,-1.03133166543691e-07,3.2918801551653e-09,-1.52161436688949e-08,-7.79544010718692e-08,-9.57254280301301e-08
-9.88482954041585e-08,-9.8505935653471e-08,-1.6964056621453e-08,-9.54170429008135e-07,-1.38838529342546e-07,-7.96409528881393e-08,-1.18420191550208e-06,-1.73582270144528e-08,-5.30829625934914e-07,-6.92256358445305e-07,-1.28160382643227e-07,-8.11886076565962e-08,1.2854922138649e-08,1.6669466755821e-08,-2.80921340132346e-07,-1.04471344925428e-07,-2.87124662455389e-07,3.20161387792121e-07,-6.13567825236402e-07,-1.06605769813443e-07,-1.3243564568746e-07,-4.36140252375045e-08,-3.29108522381548e-07,2.14967936174482e-07,-7.17508851752366e-08,-3.74405372091898e-07,-6.05227275800649e-08,-8.15551800111944e-08,8.78399045039643e-08,-1.22314723904837e-07,1.36311534264683e-07,-2.28722389339573e-08,-1.45044033996187e-07,2.52466888423636e-07,-3.93447820250591e-07,-5.89791933710056e-07,4.40227743419863e-07,6.37195649662099e-08,0.00476902439978282,-1.49601965892715e-07,-1.16819852981309e-07,-2.41220833545758e-07,7.69946372804632e-09,-3.55894324025034e-08,-1.82329567056882e-07,-2.23894682135743e-07
9.922411211769e-08,9.88804507308355e-08,1.70285531914907e-08,9.5779814148727e-07,1.3936638710272e-07,7.99437441609131e-08,1.18870419720782e-06,1.7424222202358e-08,5.32847815977023e-07,6.94888285566441e-07,1.2864764257637e-07,8.14972830422561e-08,-1.29037959666811e-08,-1.67328433086172e-08,2.8198939026288e-07,1.04868540216936e-07,2.88216297334642e-07,-3.21378626795259e-07,6.15900582140973e-07,1.07011080091086e-07,1.32939159975827e-07,4.37798437734907e-08,3.30359777982577e-07,-2.15785234469383e-07,7.20236787702024e-08,3.75828844250854e-07,6.07528322316434e-08,8.18652490882378e-08,-8.81738678170658e-08,1.22779758909907e-07,-1.36829784504753e-07,2.29591981438467e-08,1.45595484802202e-07,-2.53426756025752e-07,3.94943690929475e-07,5.9203429575877e-07,-4.41901469234365e-07,-6.39618238478158e-08,-1.49601965892715e-07,0.00195750709262579,1.17263996737589e-07,2.42137944159834e-07,-7.7287367381918e-09,3.57247418022991e-08,1.83022775760086e-07,2.247459195119e-07
