0.00222994510837732,2.25019163746852e-07,3.04168908157356e-09,-2.220351520594e-07,9.23968003676027e-08,3.69025269196752e-08,-1.0913560083156e-07,3.50024192835663e-08,-1.42583873372718e-07,3.16954070749908e-07,7.69654766926674e-08,9.99231394002039e-08,5.8675328199259e-08,1.74891726944484e-07,8.22072586851535e-08,-2.55784513495769e-09,7.62268790136285e-08,-8.38631458602073e-08,-1.80708042798651e-07,9.77408334552826e-08,-2.16618971033676e-08,1.9508438750289e-07,2.51075361900316e-07,1.01379749512508e-07,3.35715181928859e-08,-5.68966599958905e-08,3.44295353940485e-07,2.10659993490859e-07,-2.08046185398288e-08,1.0754131360863e-07,2.01887404225526e-07,4.59531922861308e-08,2.00115136098542e-07,1.51431720180779e-07,3.59604460955559e-07,2.89154695039267e-07,2.25829786544653e-07,-4.18104197052096e-08,1.17648156119859e-07,1.0299382076286e-07,8.72827789818736e-08,-5.45686423203639e-08,6.63194942391713e-08,1.25290237317988e-07,1.65336650852348e-07,5.00113017404003e-07
2.25019163746852e-07,0.0013715047918346,1.03154290132814e-08,-7.52998675438909e-07,3.13349790095332e-07,1.25149345196612e-07,-3.70116903144278e-07,1.18705417197326e-07,-4.83551666449118e-07,1.07490184881087e-06,2.61016787056306e-07,3.38874231923069e-07,1.98988511527064e-07,5.93118871101944e-07,2.78793498809702e-07,-8.67454536246464e-09,2.58511944607531e-07,-2.84409190009617e-07,-6.12844027652609e-07,3.31473270991043e-07,-7.34630515710686e-08,6.61599228887813e-07,8.51484160020324e-07,3.43814105069381e-07,1.13852732313996e-07,-1.92956427018105e-07,1.16762568031389e-06,7.14421543594814e-07,-7.05557208315908e-08,3.6471011887611e-07,6.84670632373343e-07,1.55843309506185e-07,6.78660252756584e-07,5.13557802257622e-07,1.21954420401423e-06,9.80624465729917e-07,7.65867605041578e-07,-1.41793722145155e-07,3.98985948415879e-07,3.4928798387779e-07,2.96006359139003e-07,-1.8506130676435e-07,2.24912545850013e-07,4.24902912312876e-07,5.60714274017375e-07,1.69605774663205e-06
3.04168908157356e-09,1.03154290132814e-08,0.00174598624539663,-1.01786346166435e-08,4.23569539312036e-09,1.69170212221954e-09,-5.00304296067101e-09,1.60459653924827e-09,-6.53639361076665e-09,1.45299500844713e-08,3.52828576053972e-09,4.5807211888256e-09,2.68982060368585e-09,8.017464665079e-09,3.76858187197411e-09,-1.172578791836e-10,3.49442663582947e-09,-3.84449179148428e-09,-8.28409881442632e-09,4.48067894493289e-09,-9.93034362682898e-10,8.94314562980725e-09,1.15099088874953e-08,4.64749576021455e-09,1.53900053231197e-09,-2.60828210143335e-09,1.57833414009625e-08,9.6571695166282e-09,-9.53734615854484e-10,4.92995693368083e-09,9.25501256109432e-09,2.10660676658871e-09,9.17376745400213e-09,6.94200055618939e-09,1.64851483228316e-08,1.32555586860602e-08,1.03525899456572e-08,-1.91669193549131e-09,5.39327932248093e-09,4.72148873542676e-09,4.00125614048746e-09,-2.5015600753015e-09,3.04024787768978e-09,5.74361102223658e-09,7.57943659891923e-09,2.29264043281785e-08
-2.220351520594e-07,-7.52998675438909e-07,-1.01786346166435e-08,0.00351115346452402,-3.09194413191714e-07,-1.23489721622667e-07,3.6520872934114e-07,-1.17131247484922e-07,4.77139217837432e-07,-1.0606474198711e-06,-2.57555405677813e-07,-3.34380371703357e-07,-1.96349696084956e-07,-5.85253435936573e-07,-2.75096377884616e-07,8.55951096133225e-09,-2.55083780307166e-07,2.8063759859102e-07,6.04717014332276e-07,-3.27077555985062e-07,7.24888474151478e-08,-6.52825665789731e-07,-8.40192505376901e-07,-3.39254736477148e-07,-1.12342914757943e-07,1.90397603921425e-07,-1.15214162722877e-06,-7.0494749613878e-07,6.96200712092548e-08,-3.59873645221435e-07,-6.75591116055542e-07,-1.5377664883056e-07,-6.69660440952495e-07,-5.06747437937528e-07,-1.20337165187446e-06,-9.67620262807752e-07,-7.557113239212e-07,1.39913375080295e-07,-3.93694938026463e-07,-3.44656025386687e-07,-2.92080975982639e-07,1.82607181999664e-07,-2.21929948037917e-07,-4.19268213315413e-07,-5.53278560902417e-07,-1.67356607945904e-06
9.23968003676027e-08,3.13349790095332e-07,4.23569539312036e-09,-3.09194413191714e-07,0.00554177049986892,5.13885078573861e-08,-1.51976467439767e-07,4.874251842689e-08,-1.98554763284893e-07,4.41373480754188e-07,1.07178053480664e-07,1.39147680736852e-07,8.17081597356605e-08,2.43544971970107e-07,1.14477481936984e-07,-3.56191989512969e-09,1.06149521404383e-07,-1.16783382865975e-07,-2.5164446590513e-07,1.3610871686205e-07,-3.0165212586263e-08,2.71664203426151e-07,3.49634273986028e-07,1.41176078964545e-07,4.67499212234078e-08,-7.92312804383852e-08,4.79447506121834e-07,2.93353968802882e-07,-2.89714117851884e-08,1.49756347347158e-07,2.81137724821204e-07,6.39919859148928e-08,2.78669757931913e-07,2.10875806941515e-07,5.00766159119395e-07,4.02661539963623e-07,3.14478620543849e-07,-5.82229798576809e-08,1.63830601853689e-07,1.43423749247713e-07,1.21545383146461e-07,-7.59894061116938e-08,9.23530211962386e-08,1.7447256007383e-07,2.30239078205504e-07,6.96430945782855e-07
3.69025269196752e-08,1.25149345196612e-07,1.69170212221954e-09,-1.23489721622667e-07,5.13885078573861e-08,0.0015242363445344,-6.06981590113548e-08,1.94673634933766e-08,-7.93011496934869e-08,1.7628096092463e-07,4.28060386077547e-08,5.55744464502315e-08,3.26335712081603e-08,9.72698713431825e-08,4.57213706759204e-08,-1.4226016950024e-09,4.23952513025479e-08,-4.66423286611283e-08,-1.0050474302471e-07,5.43607091156957e-08,-1.20477393705574e-08,1.0850046257187e-07,1.39641071514144e-07,5.63845721245347e-08,1.8671536455546e-08,-3.16443258600439e-08,1.91487415482364e-07,1.17163177595679e-07,-1.15709450873883e-08,5.9811461191122e-08,1.12284109591185e-07,2.55578761761518e-08,1.11298423785977e-07,8.42220738316394e-08,2.00001911254985e-07,1.60819728160582e-07,1.25600190851964e-07,-2.32537823062446e-08,6.54326034139618e-08,5.72822732657121e-08,4.85442326539395e-08,-3.03495477493846e-08,3.68850418764339e-08,6.96829145517328e-08,9.19556061209553e-08,2.78148827905278e-07
-1.0913560083156e-07,-3.70116903144278e-07,-5.00304296067101e-09,3.6520872934114e-07,-1.51976467439767e-07,-6.06981590113548e-08,0.0083645500902476,-5.75728165195989e-08,2.34525365627951e-07,-5.21333637329231e-07,-1.26594657131338e-07,-1.64355969915806e-07,-9.65105833764243e-08,-2.87666096008911e-07,-1.35216465539616e-07,4.20720486339662e-09,-1.25379794001089e-07,1.37940108375107e-07,2.97232911456129e-07,-1.60766460895337e-07,3.56300065231247e-08,-3.20879467117734e-07,-4.12974761149311e-07,-1.6675183707164e-07,-5.52192361775078e-08,9.35849873685547e-08,-5.66305233943426e-07,-3.46498596425972e-07,3.42199342351221e-08,-1.76886525085802e-07,-3.32069231755973e-07,-7.55849099042532e-08,-3.29154162746834e-07,-2.49078515704443e-07,-5.91486019366209e-07,-4.75608559180145e-07,-3.71450234912756e-07,6.87707784651792e-08,-1.93510501410908e-07,-1.69406700073917e-07,-1.43564802733605e-07,8.97558082080615e-08,-1.09083890532591e-07,-2.06080379369439e-07,-2.71949678288563e-07,-8.22597854074103e-07
3.50024192835663e-08,1.18705417197326e-07,1.60459653924827e-09,-1.17131247484922e-07,4.874251842689e-08,1.94673634933766e-08,-5.75728165195989e-08,0.00378055302420997,-7.52179409632882e-08,1.67204270846398e-07,4.06019597107402e-08,5.27129234357653e-08,3.09532716996443e-08,9.22614548272943e-08,4.33671816052429e-08,-1.34935206768828e-09,4.0212323805196e-08,-4.42407195505159e-08,-9.5329763270557e-08,5.15616813222913e-08,-1.14274024048619e-08,1.02913783971163e-07,1.32450965891404e-07,5.34813358153854e-08,1.77101408016849e-08,-3.00149625013486e-08,1.81627746490894e-07,1.11130456614134e-07,-1.09751582144352e-08,5.67317746866326e-08,1.06502611361747e-07,2.42419035385398e-08,1.05567678425831e-07,7.98854871809539e-08,1.89703831677964e-07,1.5253913550144e-07,1.19133048852338e-07,-2.20564472450255e-08,6.20634848257422e-08,5.4332814409337e-08,4.60446946858331e-08,-2.87868523936823e-08,3.4985834543555e-08,6.60949478432667e-08,8.72208206209334e-08,2.63826970948763e-07
-1.42583873372718e-07,-4.83551666449118e-07,-6.53639361076665e-09,4.77139217837432e-07,-1.98554763284893e-07,-7.93011496934869e-08,2.34525365627951e-07,-7.52179409632882e-08,0.00336419129766995,-6.81113850691277e-07,-1.6539384421346e-07,-2.14728380326549e-07,-1.2608949503572e-07,-3.75831038583495e-07,-1.7665809555732e-07,5.49664418324397e-09,-1.63806645449641e-07,1.80216490271869e-07,3.88329926131763e-07,-2.10038745635898e-07,4.65500194221979e-08,-4.19223763454003e-07,-5.39544755342695e-07,-2.17858541489015e-07,-7.21430268297491e-08,1.22267251812176e-07,-7.39868504426166e-07,-4.52694735908198e-07,4.47077830939327e-08,-2.3109934523658e-07,-4.33843007514534e-07,-9.87504456892112e-08,-4.30034517642257e-07,-3.25416997500937e-07,-7.72766787780001e-07,-6.21374785683247e-07,-4.85293642546669e-07,8.98478946714775e-08,-2.5281829778029e-07,-2.21327076479012e-07,-1.87565061242858e-07,1.17264492012614e-07,-1.42516314714829e-07,-2.69240637268904e-07,-3.55297796478845e-07,-1.07471061109561e-06
3.16954070749908e-07,1.07490184881087e-06,1.45299500844713e-08,-1.0606474198711e-06,4.41373480754188e-07,1.7628096092463e-07,-5.21333637329231e-07,1.67204270846398e-07,-6.81113850691277e-07,0.00674558760310715,3.67659055406632e-07,4.77326310754133e-07,2.8028821061624e-07,8.35446357119353e-07,3.92698705634492e-07,-1.2218659152209e-08,3.64130822533011e-07,-4.00608770520743e-07,-8.63230518080622e-07,4.66901577785586e-07,-1.03477467685178e-07,9.31905377787744e-07,1.19937060561262e-06,4.84284442126772e-07,1.60368949790951e-07,-2.7179162877678e-07,1.64467641922252e-06,1.00630903032132e-06,-9.93823039775634e-08,5.13717831391074e-07,9.64402944354469e-07,2.19515398264892e-07,9.55936935261896e-07,7.23379437024535e-07,1.71780702356811e-06,1.38127309298739e-06,1.07877414097272e-06,-1.99725644217789e-07,5.61997557971081e-07,4.91994755071799e-07,4.1694413460053e-07,-2.60670840387827e-07,3.16803892534616e-07,5.98503280736422e-07,7.89802382686494e-07,2.38900722085482e-06
7.69654766926674e-08,2.61016787056306e-07,3.52828576053972e-09,-2.57555405677813e-07,1.07178053480664e-07,4.28060386077547e-08,-1.26594657131338e-07,4.06019597107402e-08,-1.6539384421346e-07,3.67659055406632e-07,0.00200949427093039,1.15908424707162e-07,6.80619614393135e-08,2.02870172876182e-07,9.53584315993863e-08,-2.96703848595472e-09,8.84213358372031e-08,-9.72792206689188e-08,-2.09616958578698e-07,1.13377002597896e-07,-2.51272766697605e-08,2.26293170692507e-07,2.91241346652354e-07,1.1759805720413e-07,3.8942149056991e-08,-6.59987493468325e-08,3.99374282561371e-07,2.44360496887036e-07,-2.41328542723913e-08,1.24745322516255e-07,2.34184505535571e-07,5.33045915102608e-08,2.32128717376887e-07,1.75657132494118e-07,4.1713247639357e-07,3.35412452009217e-07,2.61957089893954e-07,-4.84990755241046e-08,1.36469015359292e-07,1.19470340812476e-07,1.01245912374043e-07,-6.3298305154622e-08,7.69290091442259e-08,1.45333644698164e-07,1.91786515732858e-07,5.80119003173804e-07
9.99231394002039e-08,3.38874231923069e-07,4.5807211888256e-09,-3.34380371703357e-07,1.39147680736852e-07,5.55744464502315e-08,-1.64355969915806e-07,5.27129234357653e-08,-2.14728380326549e-07,4.77326310754133e-07,1.15908424707162e-07,0.00180894925146051,8.83638373073282e-08,2.63383343227984e-07,1.23802440563564e-07,-3.85206215796841e-09,1.147961117956e-07,-1.26296172587334e-07,-2.72142595261825e-07,1.47195684639295e-07,-3.26223714490315e-08,2.93793074662731e-07,3.7811433036208e-07,1.52675817368398e-07,5.05580158270618e-08,-8.56851995805407e-08,5.18501720824634e-07,3.1724961688794e-07,-3.13313275666972e-08,1.61955006152814e-07,3.04038277907894e-07,6.92045623184995e-08,3.0136927856449e-07,2.28053055617884e-07,5.4155692107859e-07,4.35461022771451e-07,3.40095013181918e-07,-6.29656320291176e-08,1.77175703075379e-07,1.55106575469729e-07,1.31446069726171e-07,-8.21792528488884e-08,9.9875794121735e-08,1.88684520160946e-07,2.4899359518265e-07,7.53159916806778e-07
5.8675328199259e-08,1.98988511527064e-07,2.68982060368585e-09,-1.96349696084956e-07,8.17081597356605e-08,3.26335712081603e-08,-9.65105833764243e-08,3.09532716996443e-08,-1.2608949503572e-07,2.8028821061624e-07,6.80619614393135e-08,8.83638373073282e-08,0.00375517343953233,1.54659913598436e-07,7.26973639493309e-08,-2.2619486609353e-09,6.74088061687933e-08,-7.41616948922341e-08,-1.59803386781432e-07,8.64339847363486e-08,-1.91560069359285e-08,1.72516648115541e-07,2.22030478265706e-07,8.9651943943653e-08,2.96879000155807e-08,-5.03147442863167e-08,3.04466601268574e-07,1.86290437867798e-07,-1.83979000152461e-08,9.51007263840027e-08,1.78532678701514e-07,4.063723809418e-08,1.76965429980368e-07,1.33913805806585e-07,3.18004721164732e-07,2.55704720472861e-07,1.99705359911256e-07,-3.69737094606809e-08,1.04038389799241e-07,9.10792963089282e-08,7.71857382382246e-08,-4.82560361996451e-08,5.8647526833434e-08,1.10796420258795e-07,1.46210187195396e-07,4.42258975953213e-07
1.74891726944484e-07,5.93118871101944e-07,8.017464665079e-09,-5.85253435936573e-07,2.43544971970107e-07,9.72698713431825e-08,-2.87666096008911e-07,9.22614548272943e-08,-3.75831038583495e-07,8.35446357119353e-07,2.02870172876182e-07,2.63383343227984e-07,1.54659913598436e-07,0.00196601248316568,2.16686773054483e-07,-6.7421200649668e-09,2.00923333263522e-07,-2.21051458779851e-07,-4.763209877731e-07,2.57631091655727e-07,-5.70977144432462e-08,5.14215010662384e-07,6.61799345140934e-07,2.67222762640355e-07,8.8489800780452e-08,-1.49971594349176e-07,9.07514134594151e-07,5.55270117642985e-07,-5.48380487091842e-08,2.83463779094517e-07,5.32146806032296e-07,1.21126152450478e-07,5.27475356484339e-07,3.99152718493318e-07,9.47866787760061e-07,7.62171112183399e-07,5.95255558798738e-07,-1.10206386526931e-07,3.10103994624822e-07,2.71477227468801e-07,2.30065130784193e-07,-1.43835267146542e-07,1.74808860277525e-07,3.30247445954162e-07,4.35804160287627e-07,1.31822758278382e-06
8.22072586851535e-08,2.78793498809702e-07,3.76858187197411e-09,-2.75096377884616e-07,1.14477481936984e-07,4.57213706759204e-08,-1.35216465539616e-07,4.33671816052429e-08,-1.7665809555732e-07,3.92698705634492e-07,9.53584315993863e-08,1.23802440563564e-07,7.26973639493309e-08,2.16686773054483e-07,0.00406532340657375,-3.16911050025269e-09,9.44433262913618e-08,-1.03904482917103e-07,-2.2389305282268e-07,1.21098614366154e-07,-2.68385855841937e-08,2.41705008806564e-07,3.11076520966231e-07,1.25607146539929e-07,4.15943285074055e-08,-7.04936355051325e-08,4.26573918197379e-07,2.61002821566868e-07,-2.57764374266598e-08,1.33241180832363e-07,2.5013378795134e-07,5.6934934098939e-08,2.47937989052599e-07,1.87620371514077e-07,4.45541544942212e-07,3.58255927117129e-07,2.79797841561006e-07,-5.18021354369226e-08,1.45763323118848e-07,1.27606943196005e-07,1.08141328645085e-07,-6.76092758699635e-08,8.21683074914862e-08,1.55231683590631e-07,2.04848256499883e-07,6.19628371204849e-07
-2.55784513495769e-09,-8.67454536246464e-09,-1.172578791836e-10,8.55951096133225e-09,-3.56191989512969e-09,-1.4226016950024e-09,4.20720486339662e-09,-1.34935206768828e-09,5.49664418324397e-09,-1.2218659152209e-08,-2.96703848595472e-09,-3.85206215796841e-09,-2.2619486609353e-09,-6.7421200649668e-09,-3.16911050025269e-09,0.00150706873901256,-2.93856535964517e-09,3.23294536736333e-09,6.96634050414752e-09,-3.76793371486703e-09,8.35071582043563e-10,-7.52055220863882e-09,-9.67901835530658e-09,-3.90821484418502e-09,-1.29419047072194e-09,2.19338055429949e-09,-1.32726724964746e-08,-8.12099573727315e-09,8.02023277784232e-10,-4.14574468993487e-09,-7.78281021448804e-09,-1.77150712143146e-09,-7.71448883240668e-09,-5.83773090323111e-09,-1.38628424226702e-08,-1.11469862260691e-08,-8.70579507521923e-09,1.61180219638782e-09,-4.53536601095964e-09,-3.9704376968803e-09,-3.36477308435837e-09,2.10363488733179e-09,-2.55663318454338e-09,-4.82997016339256e-09,-6.37376947818622e-09,-1.92794826164701e-08
7.62268790136285e-08,2.58511944607531e-07,3.49442663582947e-09,-2.55083780307166e-07,1.06149521404383e-07,4.23952513025479e-08,-1.25379794001089e-07,4.0212323805196e-08,-1.63806645449641e-07,3.64130822533011e-07,8.84213358372031e-08,1.147961117956e-07,6.74088061687933e-08,2.00923333263522e-07,9.44433262913618e-08,-2.93856535964517e-09,0.00330754982956671,-9.63456825464735e-08,-2.07605373570115e-07,1.12288982428677e-07,-2.48861432548014e-08,2.2412155274329e-07,2.88446454813555e-07,1.16469529767636e-07,3.8568441491648e-08,-6.53653936504637e-08,3.95541695135901e-07,2.42015496198347e-07,-2.3901263812355e-08,1.23548206489165e-07,2.31937158547179e-07,5.27930550491952e-08,2.29901098719012e-07,1.73971442286743e-07,4.13129472811245e-07,3.32193673029078e-07,2.59443223847544e-07,-4.80336551024177e-08,1.35159393145067e-07,1.18323846043264e-07,1.00274307972887e-07,-6.26908642176811e-08,7.61907614252963e-08,1.43938953243333e-07,1.89946040217363e-07,5.74551902601927e-07
-8.38631458602073e-08,-2.84409190009617e-07,-3.84449179148428e-09,2.8063759859102e-07,-1.16783382865975e-07,-4.66423286611283e-08,1.37940108375107e-07,-4.42407195505159e-08,1.80216490271869e-07,-4.00608770520743e-07,-9.72792206689188e-08,-1.26296172587334e-07,-7.41616948922341e-08,-2.21051458779851e-07,-1.03904482917103e-07,3.23294536736333e-09,-9.63456825464735e-08,0.00370293033760734,2.28402893446033e-07,-1.23537883667345e-07,2.73791907615986e-08,-2.4657363270463e-07,-3.17342483726297e-07,-1.28137230456815e-07,-4.24321561668118e-08,7.19135771115414e-08,-4.35166325871023e-07,-2.6626015810622e-07,2.62956479299179e-08,-1.35925035835658e-07,-2.55172191349543e-07,-5.80817650320571e-08,-2.52932162837827e-07,-1.91399577534787e-07,-4.54516014375004e-07,-3.65472216829115e-07,-2.85433763070359e-07,5.28455772580266e-08,-1.48699409557032e-07,-1.30177308685205e-07,-1.10319601489366e-07,6.89711182987024e-08,-8.38234100791073e-08,-1.58358489643174e-07,-2.08974480950079e-07,-6.32109442701312e-07
-1.80708042798651e-07,-6.12844027652609e-07,-8.28409881442632e-09,6.04717014332276e-07,-2.5164446590513e-07,-1.0050474302471e-07,2.97232911456129e-07,-9.5329763270557e-08,3.88329926131763e-07,-8.63230518080622e-07,-2.09616958578698e-07,-2.72142595261825e-07,-1.59803386781432e-07,-4.763209877731e-07,-2.2389305282268e-07,6.96634050414752e-09,-2.07605373570115e-07,2.28402893446033e-07,0.00410464109186225,-2.66199042976828e-07,5.89965940961323e-08,-5.31316087832924e-07,-6.83808585318675e-07,-2.76109700965533e-07,-9.14326765825467e-08,1.54959149661982e-07,-9.37695029603534e-07,-5.73736550818624e-07,5.66617794121242e-08,-2.92890839489164e-07,-5.49844234943e-07,-1.25154404519118e-07,-5.45017428554886e-07,-4.12427207374909e-07,-9.79389677502225e-07,-7.87518382753767e-07,-6.15051774459765e-07,1.13871483580896e-07,-3.20417019785524e-07,-2.80505655112342e-07,-2.37716330135069e-07,1.48618748671419e-07,-1.80622420262578e-07,-3.41230375159906e-07,-4.50297553949397e-07,-1.36206743800796e-06
9.77408334552826e-08,3.31473270991043e-07,4.48067894493289e-09,-3.27077555985062e-07,1.3610871686205e-07,5.43607091156957e-08,-1.60766460895337e-07,5.15616813222913e-08,-2.10038745635898e-07,4.66901577785586e-07,1.13377002597896e-07,1.47195684639295e-07,8.64339847363486e-08,2.57631091655727e-07,1.21098614366154e-07,-3.76793371486703e-09,1.12288982428677e-07,-1.23537883667345e-07,-2.66199042976828e-07,0.00183035329302298,-3.19099038906863e-08,2.87376679248599e-07,3.69856371735458e-07,1.49341401077149e-07,4.94538365632286e-08,-8.38138480441618e-08,5.07177723254105e-07,3.10320934211291e-07,-3.06470562075155e-08,1.58417933810426e-07,2.97398128835869e-07,6.76931453567238e-08,2.94787420026261e-07,2.2307241207506e-07,5.29729401492264e-07,4.25950621232028e-07,3.32667390575582e-07,-6.15904723421053e-08,1.73306213060975e-07,1.51719071796648e-07,1.28575307847373e-07,-8.03844706481107e-08,9.76945221903894e-08,1.84563679357369e-07,2.43555613487158e-07,7.36711020447138e-07
-2.16618971033676e-08,-7.34630515710686e-08,-9.93034362682898e-10,7.24888474151478e-08,-3.0165212586263e-08,-1.20477393705574e-08,3.56300065231247e-08,-1.14274024048619e-08,4.65500194221979e-08,-1.03477467685178e-07,-2.51272766697605e-08,-3.26223714490315e-08,-1.91560069359285e-08,-5.70977144432462e-08,-2.68385855841937e-08,8.35071582043563e-10,-2.48861432548014e-08,2.73791907615986e-08,5.89965940961323e-08,-3.19099038906863e-08,0.00220757176948893,-6.36901061278414e-08,-8.19697396096365e-08,-3.30979177181461e-08,-1.09602494794515e-08,1.85753168659091e-08,-1.12403703404853e-07,-6.8775146561251e-08,6.79218044924953e-09,-3.51095121682131e-08,-6.59111185963442e-08,-1.50025521318225e-08,-6.53325179889893e-08,-4.94386170666401e-08,-1.17401738680731e-07,-9.44016763727014e-08,-7.37276993610963e-08,1.36500419247283e-08,-3.84091399877278e-08,-3.36248710563846e-08,-2.84956142705479e-08,1.78152781220625e-08,-2.16516333290639e-08,-4.09040857328823e-08,-5.3978224369451e-08,-1.63274219747103e-07
1.9508438750289e-07,6.61599228887813e-07,8.94314562980725e-09,-6.52825665789731e-07,2.71664203426151e-07,1.0850046257187e-07,-3.20879467117734e-07,1.02913783971163e-07,-4.19223763454003e-07,9.31905377787744e-07,2.26293170692507e-07,2.93793074662731e-07,1.72516648115541e-07,5.14215010662384e-07,2.41705008806564e-07,-7.52055220863882e-09,2.2412155274329e-07,-2.4657363270463e-07,-5.31316087832924e-07,2.87376679248599e-07,-6.36901061278414e-08,0.00238807813195947,7.38209417633664e-07,2.9807578601515e-07,9.87066620423223e-08,-1.6728702459281e-07,1.01229396147317e-06,6.19380531552675e-07,-6.11695437582407e-08,3.16191958819541e-07,5.93587447103108e-07,1.35111143758585e-07,5.88376641024767e-07,4.45238119422885e-07,1.05730565393297e-06,8.50169914783295e-07,6.63982614413799e-07,-1.22930602779958e-07,3.45908002113711e-07,3.02821463124699e-07,2.56628005846461e-07,-1.60442208918807e-07,1.94991953210826e-07,3.68377177376792e-07,4.86121265804133e-07,1.47042759008509e-06
2.51075361900316e-07,8.51484160020324e-07,1.15099088874953e-08,-8.40192505376901e-07,3.49634273986028e-07,1.39641071514144e-07,-4.12974761149311e-07,1.32450965891404e-07,-5.39544755342695e-07,1.19937060561262e-06,2.91241346652354e-07,3.7811433036208e-07,2.22030478265706e-07,6.61799345140934e-07,3.11076520966231e-07,-9.67901835530658e-09,2.88446454813555e-07,-3.17342483726297e-07,-6.83808585318675e-07,3.69856371735458e-07,-8.19697396096365e-08,7.38209417633664e-07,0.00490372308345912,3.83626218404413e-07,1.27036362117297e-07,-2.15299905740764e-07,1.30283143607592e-06,7.97148316706247e-07,-7.87257531623333e-08,4.06941895795787e-07,7.63952384957969e-07,1.7388925761909e-07,7.57246030653258e-07,5.73025465527122e-07,1.36076188924415e-06,1.0941763293478e-06,8.54551598635707e-07,-1.58212791790653e-07,4.45186710872127e-07,3.897339475415e-07,3.30282552419537e-07,-2.06490566385169e-07,2.50956398134794e-07,4.74104741592019e-07,6.25642442747523e-07,1.89245353795087e-06
1.01379749512508e-07,3.43814105069381e-07,4.64749576021455e-09,-3.39254736477148e-07,1.41176078964545e-07,5.63845721245347e-08,-1.6675183707164e-07,5.34813358153854e-08,-2.17858541489015e-07,4.84284442126772e-07,1.1759805720413e-07,1.52675817368398e-07,8.9651943943653e-08,2.67222762640355e-07,1.25607146539929e-07,-3.90821484418502e-09,1.16469529767636e-07,-1.28137230456815e-07,-2.76109700965533e-07,1.49341401077149e-07,-3.30979177181461e-08,2.9807578601515e-07,3.83626218404413e-07,0.00233157278918097,5.12950154605176e-08,-8.69342588968608e-08,5.26060078721849e-07,3.21874261418298e-07,-3.17880538949481e-08,1.64315873726795e-07,3.08470336716157e-07,7.02133783534615e-08,3.05762430554406e-07,2.3137745464046e-07,5.49451361669289e-07,4.41808871058548e-07,3.45052682029378e-07,-6.38835012723353e-08,1.79758447395696e-07,1.5736761137863e-07,1.33362199218649e-07,-8.33772049092398e-08,1.01331714067459e-07,1.91435032021875e-07,2.52623250844181e-07,7.64138958874388e-07
3.35715181928859e-08,1.13852732313996e-07,1.53900053231197e-09,-1.12342914757943e-07,4.67499212234078e-08,1.8671536455546e-08,-5.52192361775078e-08,1.77101408016849e-08,-7.21430268297491e-08,1.60368949790951e-07,3.8942149056991e-08,5.05580158270618e-08,2.96879000155807e-08,8.8489800780452e-08,4.15943285074055e-08,-1.29419047072194e-09,3.8568441491648e-08,-4.24321561668118e-08,-9.14326765825467e-08,4.94538365632286e-08,-1.09602494794515e-08,9.87066620423223e-08,1.27036362117297e-07,5.12950154605176e-08,0.00477402221568452,-2.87879489560285e-08,1.74202792848514e-07,1.06587436593469e-07,-1.05264930598297e-08,5.44125761873034e-08,1.02148777944598e-07,2.32508930048836e-08,1.01252065125608e-07,7.66197634659526e-08,1.81948727167754e-07,1.46303326096604e-07,1.14262882360192e-07,-2.11547783014088e-08,5.95263256822805e-08,5.21116855562649e-08,4.41623846857087e-08,-2.76100440664157e-08,3.35556114380841e-08,6.33929822393692e-08,8.3655228015878e-08,2.53041707866713e-07
-5.68966599958905e-08,-1.92956427018105e-07,-2.60828210143335e-09,1.90397603921425e-07,-7.92312804383852e-08,-3.16443258600439e-08,9.35849873685547e-08,-3.00149625013486e-08,1.22267251812176e-07,-2.7179162877678e-07,-6.59987493468325e-08,-8.56851995805407e-08,-5.03147442863167e-08,-1.49971594349176e-07,-7.04936355051325e-08,2.19338055429949e-09,-6.53653936504637e-08,7.19135771115414e-08,1.54959149661982e-07,-8.38138480441618e-08,1.85753168659091e-08,-1.6728702459281e-07,-2.15299905740764e-07,-8.69342588968608e-08,-2.87879489560285e-08,0.0022630857149536,-2.95237082162604e-07,-1.80643279367009e-07,1.78401909956265e-08,-9.22178684038643e-08,-1.73120686836889e-07,-3.94053717290636e-08,-1.71600947274237e-07,-1.29854378519338e-07,-3.0836481111368e-07,-2.47953355977519e-07,-1.93651545052136e-07,3.58528983225656e-08,-1.0088459788116e-07,-8.83183428843521e-08,-7.48459504164738e-08,4.67932156267899e-08,-5.68697013932322e-08,-1.07437767213138e-07,-1.41778010692013e-07,-4.28852455660545e-07
3.44295353940485e-07,1.16762568031389e-06,1.57833414009625e-08,-1.15214162722877e-06,4.79447506121834e-07,1.91487415482364e-07,-5.66305233943426e-07,1.81627746490894e-07,-7.39868504426166e-07,1.64467641922252e-06,3.99374282561371e-07,5.18501720824634e-07,3.04466601268574e-07,9.07514134594151e-07,4.26573918197379e-07,-1.32726724964746e-08,3.95541695135901e-07,-4.35166325871023e-07,-9.37695029603534e-07,5.07177723254105e-07,-1.12403703404853e-07,1.01229396147317e-06,1.30283143607592e-06,5.26060078721849e-07,1.74202792848514e-07,-2.95237082162604e-07,0.0195559360899001,1.09311586675081e-06,-1.07955280215898e-07,5.5803246876071e-07,1.04759485272477e-06,2.38451367929053e-07,1.03839854365042e-06,7.85780030256018e-07,1.86598952896081e-06,1.50042530551313e-06,1.1718320064774e-06,-2.16954498184103e-07,6.10476930230111e-07,5.34435503331854e-07,4.52910820978122e-07,-2.83156985619238e-07,3.4413222096142e-07,6.50131731667457e-07,8.57932792113109e-07,2.59508920243399e-06
2.10659993490859e-07,7.14421543594814e-07,9.6571695166282e-09,-7.0494749613878e-07,2.93353968802882e-07,1.17163177595679e-07,-3.46498596425972e-07,1.11130456614134e-07,-4.52694735908198e-07,1.00630903032132e-06,2.44360496887036e-07,3.1724961688794e-07,1.86290437867798e-07,5.55270117642985e-07,2.61002821566868e-07,-8.12099573727315e-09,2.42015496198347e-07,-2.6626015810622e-07,-5.73736550818624e-07,3.10320934211291e-07,-6.8775146561251e-08,6.19380531552675e-07,7.97148316706247e-07,3.21874261418298e-07,1.06587436593469e-07,-1.80643279367009e-07,1.09311586675081e-06,0.00249550446188647,-6.60533416071486e-08,3.41436835819572e-07,6.40979677275012e-07,1.45898464910752e-07,6.35352838609979e-07,4.8078608719069e-07,1.14172130853919e-06,9.18047779255115e-07,7.16995219457947e-07,-1.32745425264077e-07,3.73525418442983e-07,3.26998835054374e-07,2.77117275929559e-07,-1.73251971206532e-07,2.10560179212465e-07,3.97788540547491e-07,5.2493335833217e-07,1.58782704511151e-06
-2.08046185398288e-08,-7.05557208315908e-08,-9.53734615854484e-10,6.96200712092548e-08,-2.89714117851884e-08,-1.15709450873883e-08,3.42199342351221e-08,-1.09751582144352e-08,4.47077830939327e-08,-9.93823039775634e-08,-2.41328542723913e-08,-3.13313275666972e-08,-1.83979000152461e-08,-5.48380487091842e-08,-2.57764374266598e-08,8.02023277784232e-10,-2.3901263812355e-08,2.62956479299179e-08,5.66617794121242e-08,-3.06470562075155e-08,6.79218044924953e-09,-6.11695437582407e-08,-7.87257531623333e-08,-3.17880538949481e-08,-1.05264930598297e-08,1.78401909956265e-08,-1.07955280215898e-07,-6.60533416071486e-08,0.00165135221282769,-3.37200386602148e-08,-6.33026587369938e-08,-1.44088199079267e-08,-6.27469564886871e-08,-4.74820632883633e-08,-1.12755516172475e-07,-9.06656908710499e-08,-7.08098950755484e-08,1.31098358533193e-08,-3.68890823400381e-08,-3.22941528362378e-08,-2.73678885153916e-08,1.71102311003428e-08,-2.07947609586507e-08,-3.9285289572388e-08,-5.18420137490697e-08,-1.56812574772067e-07
1.0754131360863e-07,3.6471011887611e-07,4.92995693368083e-09,-3.59873645221435e-07,1.49756347347158e-07,5.9811461191122e-08,-1.76886525085802e-07,5.67317746866326e-08,-2.3109934523658e-07,5.13717831391074e-07,1.24745322516255e-07,1.61955006152814e-07,9.51007263840027e-08,2.83463779094517e-07,1.33241180832363e-07,-4.14574468993487e-09,1.23548206489165e-07,-1.35925035835658e-07,-2.92890839489164e-07,1.58417933810426e-07,-3.51095121682131e-08,3.16191958819541e-07,4.06941895795787e-07,1.64315873726795e-07,5.44125761873034e-08,-9.22178684038643e-08,5.5803246876071e-07,3.41436835819572e-07,-3.37200386602148e-08,0.00211619047787969,3.27218259852371e-07,7.44807417392507e-08,3.24345775089251e-07,2.45439898314076e-07,5.82845405340796e-07,4.68660719582074e-07,3.66023972914257e-07,-6.77661532779576e-08,1.90683639071292e-07,1.66931953654338e-07,1.41467562887792e-07,-8.84446270983274e-08,1.07490358709992e-07,2.03069892294444e-07,2.6797695175321e-07,8.10581085591894e-07
2.01887404225526e-07,6.84670632373343e-07,9.25501256109432e-09,-6.75591116055542e-07,2.81137724821204e-07,1.12284109591185e-07,-3.32069231755973e-07,1.06502611361747e-07,-4.33843007514534e-07,9.64402944354469e-07,2.34184505535571e-07,3.04038277907894e-07,1.78532678701514e-07,5.32146806032296e-07,2.5013378795134e-07,-7.78281021448804e-09,2.31937158547179e-07,-2.55172191349543e-07,-5.49844234943e-07,2.97398128835869e-07,-6.59111185963442e-08,5.93587447103108e-07,7.63952384957969e-07,3.08470336716157e-07,1.02148777944598e-07,-1.73120686836889e-07,1.04759485272477e-06,6.40979677275012e-07,-6.33026587369938e-08,3.27218259852371e-07,0.00346056561022175,1.39822763084813e-07,6.08894613679243e-07,4.6076454063352e-07,1.09417620075998e-06,8.79817188055057e-07,6.87137131734307e-07,-1.27217460160707e-07,3.57970566181469e-07,3.13381505904031e-07,2.65577182341911e-07,-1.66037177559109e-07,2.01791746548738e-07,3.81223290435914e-07,5.03073371212595e-07,1.5217045969887e-06
4.59531922861308e-08,1.55843309506185e-07,2.10660676658871e-09,-1.5377664883056e-07,6.39919859148928e-08,2.55578761761518e-08,-7.55849099042532e-08,2.42419035385398e-08,-9.87504456892112e-08,2.19515398264892e-07,5.33045915102608e-08,6.92045623184995e-08,4.063723809418e-08,1.21126152450478e-07,5.6934934098939e-08,-1.77150712143146e-09,5.27930550491952e-08,-5.80817650320571e-08,-1.25154404519118e-07,6.76931453567238e-08,-1.50025521318225e-08,1.35111143758585e-07,1.7388925761909e-07,7.02133783534615e-08,2.32508930048836e-08,-3.94053717290636e-08,2.38451367929053e-07,1.45898464910752e-07,-1.44088199079267e-08,7.44807417392507e-08,1.39822763084813e-07,0.00335700007400549,1.38595329271433e-07,1.04878269229269e-07,2.49054117770829e-07,2.00262163825598e-07,1.56404728975829e-07,-2.89569744647744e-08,8.14805179333337e-08,7.1331248499476e-08,6.04501275044062e-08,-3.77930380366715e-08,4.59314188841102e-08,8.67732548078304e-08,1.14508517507807e-07,3.46367244734081e-07
2.00115136098542e-07,6.78660252756584e-07,9.17376745400213e-09,-6.69660440952495e-07,2.78669757931913e-07,1.11298423785977e-07,-3.29154162746834e-07,1.05567678425831e-07,-4.30034517642257e-07,9.55936935261896e-07,2.32128717376887e-07,3.0136927856449e-07,1.76965429980368e-07,5.27475356484339e-07,2.47937989052599e-07,-7.71448883240668e-09,2.29901098719012e-07,-2.52932162837827e-07,-5.45017428554886e-07,2.94787420026261e-07,-6.53325179889893e-08,5.88376641024767e-07,7.57246030653258e-07,3.05762430554406e-07,1.01252065125608e-07,-1.71600947274237e-07,1.03839854365042e-06,6.35352838609979e-07,-6.27469564886871e-08,3.24345775089251e-07,6.08894613679243e-07,1.38595329271433e-07,0.00218399420255773,4.56719720142901e-07,1.08457097742596e-06,8.72093714835196e-07,6.81105099958417e-07,-1.26100681970885e-07,3.54828122365939e-07,3.10630487054536e-07,2.63245813640012e-07,-1.64579620566827e-07,2.00020318152455e-07,3.77876722632462e-07,4.98657142747254e-07,1.50834631658347e-06
1.51431720180779e-07,5.13557802257622e-07,6.94200055618939e-09,-5.06747437937528e-07,2.10875806941515e-07,8.42220738316394e-08,-2.49078515704443e-07,7.98854871809539e-08,-3.25416997500937e-07,7.23379437024535e-07,1.75657132494118e-07,2.28053055617884e-07,1.33913805806585e-07,3.99152718493318e-07,1.87620371514077e-07,-5.83773090323111e-09,1.73971442286743e-07,-1.91399577534787e-07,-4.12427207374909e-07,2.2307241207506e-07,-4.94386170666401e-08,4.45238119422885e-07,5.73025465527122e-07,2.3137745464046e-07,7.66197634659526e-08,-1.29854378519338e-07,7.85780030256018e-07,4.8078608719069e-07,-4.74820632883633e-08,2.45439898314076e-07,4.6076454063352e-07,1.04878269229269e-07,4.56719720142901e-07,0.00424240547987526,8.20719771486384e-07,6.59933346227788e-07,5.15407874294005e-07,-9.54232826117531e-08,2.6850659068553e-07,2.3506122481459e-07,1.99204154003953e-07,-1.24541179318201e-07,1.51359969262984e-07,2.85947995939353e-07,3.77345314196848e-07,1.14140030485301e-06
3.59604460955559e-07,1.21954420401423e-06,1.64851483228316e-08,-1.20337165187446e-06,5.00766159119395e-07,2.00001911254985e-07,-5.91486019366209e-07,1.89703831677964e-07,-7.72766787780001e-07,1.71780702356811e-06,4.1713247639357e-07,5.4155692107859e-07,3.18004721164732e-07,9.47866787760061e-07,4.45541544942212e-07,-1.38628424226702e-08,4.13129472811245e-07,-4.54516014375004e-07,-9.79389677502225e-07,5.29729401492264e-07,-1.17401738680731e-07,1.05730565393297e-06,1.36076188924415e-06,5.49451361669289e-07,1.81948727167754e-07,-3.0836481111368e-07,1.86598952896081e-06,1.14172130853919e-06,-1.12755516172475e-07,5.82845405340796e-07,1.09417620075998e-06,2.49054117770829e-07,1.08457097742596e-06,8.20719771486384e-07,0.0129818428984667,1.5671417781792e-06,1.22393756464289e-06,-2.26601388832172e-07,6.37621811937525e-07,5.5819919987763e-07,4.73049519183842e-07,-2.95747572582721e-07,3.59434074261898e-07,6.79039865745018e-07,8.9608080885478e-07,2.71047995011336e-06
2.89154695039267e-07,9.80624465729917e-07,1.32555586860602e-08,-9.67620262807752e-07,4.02661539963623e-07,1.60819728160582e-07,-4.75608559180145e-07,1.5253913550144e-07,-6.21374785683247e-07,1.38127309298739e-06,3.35412452009217e-07,4.35461022771451e-07,2.55704720472861e-07,7.62171112183399e-07,3.58255927117129e-07,-1.11469862260691e-08,3.32193673029078e-07,-3.65472216829115e-07,-7.87518382753767e-07,4.25950621232028e-07,-9.44016763727014e-08,8.50169914783295e-07,1.0941763293478e-06,4.41808871058548e-07,1.46303326096604e-07,-2.47953355977519e-07,1.50042530551313e-06,9.18047779255115e-07,-9.06656908710499e-08,4.68660719582074e-07,8.79817188055057e-07,2.00262163825598e-07,8.72093714835196e-07,6.59933346227788e-07,1.5671417781792e-06,0.00289597620458926,9.84157127280893e-07,-1.82208127533041e-07,5.12705932766404e-07,4.48842928652451e-07,3.80374840441648e-07,-2.3780794857639e-07,2.89017688639754e-07,5.46009815276654e-07,7.20530474862392e-07,2.1794724161721e-06
2.25829786544653e-07,7.65867605041578e-07,1.03525899456572e-08,-7.557113239212e-07,3.14478620543849e-07,1.25600190851964e-07,-3.71450234912756e-07,1.19133048852338e-07,-4.85293642546669e-07,1.07877414097272e-06,2.61957089893954e-07,3.40095013181918e-07,1.99705359911256e-07,5.95255558798738e-07,2.79797841561006e-07,-8.70579507521923e-09,2.59443223847544e-07,-2.85433763070359e-07,-6.15051774459765e-07,3.32667390575582e-07,-7.37276993610963e-08,6.63982614413799e-07,8.54551598635707e-07,3.45052682029378e-07,1.14262882360192e-07,-1.93651545052136e-07,1.1718320064774e-06,7.16995219457947e-07,-7.08098950755484e-08,3.66023972914257e-07,6.87137131734307e-07,1.56404728975829e-07,6.81105099958417e-07,5.15407874294005e-07,1.22393756464289e-06,9.84157127280893e-07,0.00809685322201584,-1.42304528522007e-07,4.00423279798693e-07,3.50546280273592e-07,2.97072710551107e-07,-1.85727982934308e-07,2.25722784560981e-07,4.26433608551531e-07,5.62734225411745e-07,1.70216772879051e-06
-4.18104197052096e-08,-1.41793722145155e-07,-1.91669193549131e-09,1.39913375080295e-07,-5.82229798576809e-08,-2.32537823062446e-08,6.87707784651792e-08,-2.20564472450255e-08,8.98478946714775e-08,-1.99725644217789e-07,-4.84990755241046e-08,-6.29656320291176e-08,-3.69737094606809e-08,-1.10206386526931e-07,-5.18021354369226e-08,1.61180219638782e-09,-4.80336551024177e-08,5.28455772580266e-08,1.13871483580896e-07,-6.15904723421053e-08,1.36500419247283e-08,-1.22930602779958e-07,-1.58212791790653e-07,-6.38835012723353e-08,-2.11547783014088e-08,3.58528983225656e-08,-2.16954498184103e-07,-1.32745425264077e-07,1.31098358533193e-08,-6.77661532779576e-08,-1.27217460160707e-07,-2.89569744647744e-08,-1.26100681970885e-07,-9.54232826117531e-08,-2.26601388832172e-07,-1.82208127533041e-07,-1.42304528522007e-07,0.0024750978669414,-7.41348855891941e-08,-6.49005931794605e-08,-5.50004270966714e-08,3.43859197508916e-08,-4.17906092191127e-08,-7.8950471604069e-08,-1.04185344665766e-07,-3.15141541947669e-07
1.17648156119859e-07,3.98985948415879e-07,5.39327932248093e-09,-3.93694938026463e-07,1.63830601853689e-07,6.54326034139618e-08,-1.93510501410908e-07,6.20634848257422e-08,-2.5281829778029e-07,5.61997557971081e-07,1.36469015359292e-07,1.77175703075379e-07,1.04038389799241e-07,3.10103994624822e-07,1.45763323118848e-07,-4.53536601095964e-09,1.35159393145067e-07,-1.48699409557032e-07,-3.20417019785524e-07,1.73306213060975e-07,-3.84091399877278e-08,3.45908002113711e-07,4.45186710872127e-07,1.79758447395696e-07,5.95263256822805e-08,-1.0088459788116e-07,6.10476930230111e-07,3.73525418442983e-07,-3.68890823400381e-08,1.90683639071292e-07,3.57970566181469e-07,8.14805179333337e-08,3.54828122365939e-07,2.6850659068553e-07,6.37621811937525e-07,5.12705932766404e-07,4.00423279798693e-07,-7.41348855891941e-08,0.00469533066307589,1.82620389187273e-07,1.54762828963467e-07,-9.67567435031934e-08,1.17592412427794e-07,2.22154608217306e-07,2.93161699429487e-07,8.86760324060863e-07
1.0299382076286e-07,3.4928798387779e-07,4.72148873542676e-09,-3.44656025386687e-07,1.43423749247713e-07,5.72822732657121e-08,-1.69406700073917e-07,5.4332814409337e-08,-2.21327076479012e-07,4.91994755071799e-07,1.19470340812476e-07,1.55106575469729e-07,9.10792963089282e-08,2.71477227468801e-07,1.27606943196005e-07,-3.9704376968803e-09,1.18323846043264e-07,-1.30177308685205e-07,-2.80505655112342e-07,1.51719071796648e-07,-3.36248710563846e-08,3.02821463124699e-07,3.897339475415e-07,1.5736761137863e-07,5.21116855562649e-08,-8.83183428843521e-08,5.34435503331854e-07,3.26998835054374e-07,-3.22941528362378e-08,1.66931953654338e-07,3.13381505904031e-07,7.1331248499476e-08,3.10630487054536e-07,2.3506122481459e-07,5.5819919987763e-07,4.48842928652451e-07,3.50546280273592e-07,-6.49005931794605e-08,1.82620389187273e-07,0.00194071092180725,1.35485464394167e-07,-8.47046568907834e-08,1.02945020543473e-07,1.9448287720775e-07,2.56645276232081e-07,7.76304847335588e-07
