0.002140588632068,1.46739804735766e-07,4.37563778353076e-08,-2.00451130374697e-08,1.11118900587843e-07,5.29743245874577e-08,6.98141188263949e-08,6.14403868071736e-08,-3.00850299313337e-09,2.82376071212668e-07,5.84862412139361e-08,7.24729433934499e-08,4.98565504946367e-08,1.02090448769996e-07,4.36952355272477e-08,2.31312499335416e-08,1.11269407380204e-07,-7.5016568332329e-08,-9.23703333386155e-08,8.36030186556463e-08,-2.60849761331758e-08,1.20206971377415e-07,2.1214404019398e-07,7.70529877971863e-08,-3.58345673736957e-08,-3.04901873835138e-08,2.27637187992039e-07,1.37124391798324e-07,-2.12869077894432e-08,5.56354741103062e-08,1.0682623739684e-07,9.94416737882928e-09,1.08085938039086e-07,8.59156686656044e-08,1.84431014407495e-07,2.1965506520273e-07,2.84366102574109e-08,-4.66269946748387e-08,4.1805588122818e-08,5.97989533126643e-08,9.14561879915833e-08,1.11459076148764e-08,6.9314146667028e-08,1.30207412608811e-07,9.86487575739881e-08,3.8592818431618e-07
1.46739804735766e-07,0.00132831876737779,1.54212508726115e-07,-7.06458651774512e-08,3.91621182425932e-07,1.86699720060271e-07,2.4604894055088e-07,2.16537031979639e-07,-1.06029981692579e-08,9.95190289969384e-07,2.06125607963006e-07,2.55419551808774e-07,1.75711612993802e-07,3.59801816344412e-07,1.53997022226051e-07,8.15224718930888e-08,3.92151620071336e-07,-2.64384159998219e-07,-3.2554479005621e-07,2.94645760956022e-07,-9.19324178225732e-08,4.23650666246908e-07,7.47668483272147e-07,2.71561201838299e-07,-1.26293326989088e-07,-1.07457895752672e-07,8.02271659042224e-07,4.83273468072558e-07,-7.50223765227353e-08,1.96078525261158e-07,3.76492362524695e-07,3.50466623278001e-08,3.80931980379168e-07,3.02796334140655e-07,6.49998259127661e-07,7.74139915941085e-07,1.00220384419562e-07,-1.64329548716987e-07,1.47337255552911e-07,2.10752056403093e-07,3.22323027783365e-07,3.92820077975615e-08,2.44286866887485e-07,4.58895656964974e-07,3.47672114119181e-07,1.3601435136043e-06
4.37563778353076e-08,1.54212508726115e-07,0.00180287005442913,-2.10659076095479e-08,1.16777615026785e-07,5.5672034642637e-08,7.33693930430678e-08,6.45692298943597e-08,-3.16171058641215e-09,2.96756033063712e-07,6.14646448508148e-08,7.61636178785615e-08,5.23954883411001e-08,1.07289390565467e-07,4.59204092725151e-08,2.43092055945253e-08,1.16935786356454e-07,-7.88367765609599e-08,-9.70742796180333e-08,8.78604906635873e-08,-2.74133498869063e-08,1.26328494547609e-07,2.22947445708529e-07,8.09769004016576e-08,-3.76594376949287e-08,-3.20428959027703e-08,2.39229579886815e-07,1.44107432232449e-07,-2.23709405852262e-08,5.84687028319722e-08,1.12266348564404e-07,1.04505727089051e-08,1.13590199285308e-07,9.02909120511809e-08,1.93823137967893e-07,2.30840968613167e-07,2.98847406493328e-08,-4.90014678438064e-08,4.39345318388519e-08,6.2844206629192e-08,9.61135815473225e-08,1.17135113980471e-08,7.2843959871557e-08,1.36838206847136e-07,1.03672431727661e-07,4.05581523014024e-07
-2.00451130374697e-08,-7.06458651774512e-08,-2.10659076095479e-08,0.00551181187769989,-5.34966697259202e-08,-2.55037615690645e-08,-3.36110494011711e-08,-2.95796310390761e-08,1.44840247826127e-09,-1.35946084241764e-07,-2.81573981850102e-08,-3.48911040000776e-08,-2.40027520194621e-08,-4.91500455019532e-08,-2.1036471484431e-08,-1.11362228342437e-08,-5.3569129155593e-08,3.61156973189636e-08,4.44704293234316e-08,-4.02495259892842e-08,1.25582537770149e-08,-5.78719966856322e-08,-1.02133836750913e-07,-3.7096103523116e-08,1.72520606793294e-08,1.46790822777067e-08,-1.09592800135027e-07,-6.6016656577731e-08,1.02482896201599e-08,-2.67849354860308e-08,-5.14300259438198e-08,-4.78748291379967e-09,-5.20364915302796e-08,-4.13629195984711e-08,-8.87917808111727e-08,-1.05749916662346e-07,-1.36904157530143e-08,2.24479266914651e-08,-2.01267266745162e-08,-2.87893854096801e-08,-4.40303265915565e-08,-5.36604425812596e-09,-3.33703446665102e-08,-6.26865718734648e-08,-4.74930905083613e-08,-1.8579982797765e-07
1.11118900587843e-07,3.91621182425932e-07,1.16777615026785e-07,-5.34966697259202e-08,0.00554378271783269,1.41378596424551e-07,1.86320867838481e-07,1.63972938177607e-07,-8.02913361936397e-09,7.53609091249801e-07,1.56088874324822e-07,1.93416774928505e-07,1.33057838611317e-07,2.72460375245102e-07,1.16614437605214e-07,6.17329937590912e-08,2.96957304560506e-07,-2.00205235687367e-07,-2.46519199260792e-07,2.23120870845218e-07,-6.96159383285359e-08,3.20809996656546e-07,5.66172893680638e-07,2.05640059593387e-07,-9.56357797523214e-08,-8.13726259007995e-08,6.07521216796519e-07,3.65959437878462e-07,-5.6810788413579e-08,1.4848070838815e-07,2.85099312206367e-07,2.65391288624858e-08,2.88461218377003e-07,2.29292902578993e-07,4.92211994341524e-07,5.8621841916334e-07,7.58920113955846e-08,-1.2443875620803e-07,1.11571320966048e-07,1.59592258189987e-07,2.44079515751886e-07,2.97463495144216e-08,1.84986535353959e-07,3.47499309940508e-07,2.63275143070692e-07,1.02997037610584e-06
5.29743245874577e-08,1.86699720060271e-07,5.5672034642637e-08,-2.55037615690645e-08,1.41378596424551e-07,0.00150097609196453,8.88257720160741e-08,7.81717206040288e-08,-3.82777302743393e-09,3.5927220662489e-07,7.44131074842425e-08,9.2208642827797e-08,6.34333951669123e-08,1.29891533115418e-07,5.55942421730397e-08,2.94303096219384e-08,1.41570088951419e-07,-9.54449430592317e-08,-1.1752445362216e-07,1.06369639835007e-07,-3.31883891396221e-08,1.52941514034782e-07,2.69914717332433e-07,9.80359165493408e-08,-4.55929712404694e-08,-3.87932194631013e-08,2.89626930810969e-07,1.74465855452662e-07,-2.70837195973804e-08,7.07860246953351e-08,1.3591696304214e-07,1.26521448573755e-08,1.37519703060028e-07,1.09312066467195e-07,2.34654931034663e-07,2.79471130938302e-07,3.61804159688077e-08,-5.93243726112326e-08,5.31900094424937e-08,7.6083294941515e-08,1.1636136988566e-07,1.4181140797224e-08,8.81896483524245e-08,1.65665257137363e-07,1.2551260686575e-07,4.91023441832598e-07
6.98141188263949e-08,2.4604894055088e-07,7.33693930430678e-08,-3.36110494011711e-08,1.86320867838481e-07,8.88257720160741e-08,0.010318700889568,1.03021413366081e-07,-5.04456834624772e-09,4.73479798367636e-07,9.80679898913935e-08,1.21520476142599e-07,8.35979811395839e-08,1.71182228335751e-07,7.32668714392803e-08,3.87857919670402e-08,1.86573233151853e-07,-1.25785550792909e-07,-1.54883827855867e-07,1.40183055334702e-07,-4.3738512215006e-08,2.01559474659938e-07,3.55716817450482e-07,1.2920015838863e-07,-6.00863368550461e-08,-5.11250394289425e-08,3.81695266913293e-07,2.29926102098989e-07,-3.56932539104038e-08,9.32879083936126e-08,1.79123057863267e-07,1.66740841220787e-08,1.81235286436789e-07,1.44060838093373e-07,3.09248439994875e-07,3.68311080807872e-07,4.76816623771127e-08,-7.81827579876783e-08,7.00983668694951e-08,1.00269106498588e-07,1.53351016124573e-07,1.8689126410224e-08,1.16223899734096e-07,2.1832791710442e-07,1.65411302893905e-07,6.47112901988045e-07
6.14403868071736e-08,2.16537031979639e-07,6.45692298943597e-08,-2.95796310390761e-08,1.63972938177607e-07,7.81717206040288e-08,1.03021413366081e-07,0.00357966915015199,-4.43950644481248e-09,4.16689094500061e-07,8.63053968683938e-08,1.06944915795032e-07,7.35709679339667e-08,1.5065007623481e-07,6.44790050645018e-08,3.41336981850806e-08,1.64195033976149e-07,-1.10698423547929e-07,-1.36306558810886e-07,1.23369044662628e-07,-3.84923730906456e-08,1.77383777034443e-07,3.13050987756813e-07,1.13703472025265e-07,-5.28793865805325e-08,-4.49929362548747e-08,3.35913497668521e-07,2.02348019104219e-07,-3.14120891809172e-08,8.20986538609544e-08,1.57638456893937e-07,1.46741403506556e-08,1.59497337916343e-07,1.26781713570466e-07,2.72156178323297e-07,3.24134654287842e-07,4.19625690233773e-08,-6.88052642239823e-08,6.16905412173537e-08,8.82425044051948e-08,1.34957597493943e-07,1.64474919262062e-08,1.02283627952936e-07,1.92140958064038e-07,1.45571334322102e-07,5.69496080082677e-07
-3.00850299313337e-09,-1.06029981692579e-08,-3.16171058641215e-09,1.44840247826127e-09,-8.02913361936397e-09,-3.82777302743393e-09,-5.04456834624772e-09,-4.43950644481248e-09,0.00443927460894707,-2.04036864537301e-08,-4.22604834206236e-09,-5.23668739715983e-09,-3.60249159777776e-09,-7.37676353976467e-09,-3.15729261828421e-09,-1.6713978946587e-09,-8.04000880927404e-09,5.4204824527603e-09,6.67441582770733e-09,-6.04091476982994e-09,1.88482569322778e-09,-8.68581159516911e-09,-1.53289209689638e-08,-5.56762829295414e-09,2.58930324286328e-09,2.20313364591066e-09,-1.64484114714534e-08,-9.90821595964584e-09,1.53813101173914e-09,-4.02006007299524e-09,-7.71895806721979e-09,-7.18537064311778e-10,-7.8099804290636e-09,-6.20802023835551e-09,-1.33264570689483e-08,-1.58716461317813e-08,-2.05474804223818e-09,3.36913314056504e-09,-3.02075210696357e-09,-4.320901159978e-09,-6.60836230215936e-09,-8.05371373146219e-10,-5.00844178944882e-09,-9.40841484695343e-09,-7.12807678761765e-09,-2.78860656734409e-08
2.82376071212668e-07,9.95190289969384e-07,2.96756033063712e-07,-1.35946084241764e-07,7.53609091249801e-07,3.5927220662489e-07,4.73479798367636e-07,4.16689094500061e-07,-2.04036864537301e-08,0.00748066323336348,3.96654060278503e-07,4.91511963509398e-07,3.3812744287738e-07,6.92378073539533e-07,2.96341365541174e-07,1.56876284319497e-07,7.5462982927383e-07,-5.08762844039426e-07,-6.26456188798643e-07,5.66996204799699e-07,-1.76908474210967e-07,8.15244445205895e-07,1.43876223125751e-06,5.22573853815404e-07,-2.43030264077101e-07,-2.06784644957511e-07,1.54383685826451e-06,9.29978498208998e-07,-1.44367944155809e-07,3.77320139631646e-07,7.24496222158229e-07,6.74414064749608e-08,7.33039519934105e-07,5.82680611891233e-07,1.25081231393247e-06,1.48970205068746e-06,1.92857271813729e-07,-3.16224574745828e-07,2.83525764813473e-07,4.05556882089749e-07,6.20256449234963e-07,7.55916164069773e-08,4.70088983999626e-07,8.83067501307241e-07,6.69036501935917e-07,2.61736740312946e-06
5.84862412139361e-08,2.06125607963006e-07,6.14646448508148e-08,-2.81573981850102e-08,1.56088874324822e-07,7.44131074842425e-08,9.80679898913935e-08,8.63053968683938e-08,-4.22604834206236e-09,3.96654060278503e-07,0.00201012682868765,1.01802844461618e-07,7.00335658763518e-08,1.43406595489373e-07,6.13787581655776e-08,3.24924989785909e-08,1.56300291425546e-07,-1.05375877953794e-07,-1.29752735813249e-07,1.17437276674645e-07,-3.66416022825798e-08,1.68854900012839e-07,2.97999028548892e-07,1.08236439210621e-07,-5.03368666688293e-08,-4.28296086576494e-08,3.19762274826112e-07,1.92618824025856e-07,-2.99017490015915e-08,7.81512279231061e-08,1.50058964365358e-07,1.3968585758568e-08,1.51828467610929e-07,1.20685859362667e-07,2.59070502652188e-07,3.0854977583346e-07,3.99449460101892e-08,-6.54970043209849e-08,5.87243678263293e-08,8.39996729539056e-08,1.28468634571852e-07,1.56566719408746e-08,9.73656783032075e-08,1.82902533730436e-07,1.38572047075767e-07,5.4211385769169e-07
7.24729433934499e-08,2.55419551808774e-07,7.61636178785615e-08,-3.48911040000776e-08,1.93416774928505e-07,9.2208642827797e-08,1.21520476142599e-07,1.06944915795032e-07,-5.23668739715983e-09,4.91511963509398e-07,1.01802844461618e-07,0.001913194862368,8.67817549914439e-08,1.77701590347239e-07,7.60571918072626e-08,4.02629232159655e-08,1.93678751408018e-07,-1.30576010348237e-07,-1.60782476058629e-07,1.45521834333482e-07,-4.54042645407336e-08,2.09235734017751e-07,3.69264057307564e-07,1.34120661017121e-07,-6.23746852759696e-08,-5.30721027609792e-08,3.96231878845921e-07,2.38682685711942e-07,-3.7052607891668e-08,9.68407167197178e-08,1.85944841118273e-07,1.73091055939842e-08,1.88137512520794e-07,1.4954729988523e-07,3.21025962413033e-07,3.82337964859875e-07,4.94975869702676e-08,-8.11602966453626e-08,7.27680168353783e-08,1.04087789139818e-07,1.59191288205766e-07,1.94008894356926e-08,1.20650210129281e-07,2.26642791508475e-07,1.71710883024631e-07,6.71757769106436e-07
4.98565504946367e-08,1.75711612993802e-07,5.23954883411001e-08,-2.40027520194621e-08,1.33057838611317e-07,6.34333951669123e-08,8.35979811395839e-08,7.35709679339667e-08,-3.60249159777776e-09,3.3812744287738e-07,7.00335658763518e-08,8.67817549914439e-08,0.00390143690084234,1.22246839955518e-07,5.23222743035681e-08,2.76982052940862e-08,1.33238060953169e-07,-8.98275845921206e-08,-1.10607617973389e-07,1.00109314480735e-07,-3.12351051544502e-08,1.43940227205967e-07,2.54029038382797e-07,9.22660677940465e-08,-4.29096225492824e-08,-3.65100663401295e-08,2.72581100618743e-07,1.64197765610117e-07,-2.54897225062323e-08,6.66199530059349e-08,1.27917646591241e-07,1.19075099844981e-08,1.29426058246395e-07,1.02878566247641e-07,2.20844446985456e-07,2.63023014638257e-07,3.40510379266431e-08,-5.58328700118025e-08,5.00595413387819e-08,7.1605455389762e-08,1.09512986876346e-07,1.33465177278683e-08,8.29992961765464e-08,1.559151215612e-07,1.18125632948557e-07,4.62124533204021e-07
1.02090448769996e-07,3.59801816344412e-07,1.07289390565467e-07,-4.91500455019532e-08,2.72460375245102e-07,1.29891533115418e-07,1.71182228335751e-07,1.5065007623481e-07,-7.37676353976467e-09,6.92378073539533e-07,1.43406595489373e-07,1.77701590347239e-07,1.22246839955518e-07,0.0019942571894621,1.0713947136982e-07,5.67171651576845e-08,2.72829413607674e-07,-1.83938486155814e-07,-2.26489423039773e-07,2.04992217471893e-07,-6.39596175619668e-08,2.94744065638741e-07,5.20171136426702e-07,1.88931728607065e-07,-8.7865337235448e-08,-7.476106991572e-08,5.58159892978968e-07,3.36225098043451e-07,-5.21948908190884e-08,1.36416595852206e-07,2.61934887523084e-07,2.43828148155055e-08,2.6502363757251e-07,2.1066276934192e-07,4.52219587545117e-07,5.38587955541481e-07,6.97257573684147e-08,-1.1432806118897e-07,1.02506109824951e-07,1.46625328118261e-07,2.24247964719331e-07,2.73294476019026e-08,1.69956310859673e-07,3.19264862335867e-07,2.41883940210731e-07,9.46284901670019e-07
4.36952355272477e-08,1.53997022226051e-07,4.59204092725151e-08,-2.1036471484431e-08,1.16614437605214e-07,5.55942421730397e-08,7.32668714392803e-08,6.44790050645018e-08,-3.15729261828421e-09,2.96341365541174e-07,6.13787581655776e-08,7.60571918072626e-08,5.23222743035681e-08,1.0713947136982e-07,0.00425801923670452,2.42752374963718e-08,1.16772387916584e-07,-7.87266151920943e-08,-9.69386343520692e-08,8.77377201452719e-08,-2.7375044260009e-08,1.26151971350021e-07,2.2263591349126e-07,8.08637485633421e-08,-3.76068148533039e-08,-3.19981212502661e-08,2.38895296077366e-07,1.439060659071e-07,-2.23396808921592e-08,5.83870024806801e-08,1.12109474892307e-07,1.04359697603161e-08,1.13431475750571e-07,9.01647454205604e-08,1.93552302158417e-07,2.30518406501904e-07,2.98429816621985e-08,-4.89329963891177e-08,4.38731405900089e-08,6.27563922343177e-08,9.59792786981739e-08,1.16971437013182e-08,7.27421724738082e-08,1.36646998063152e-07,1.03527566634351e-07,4.05014789850761e-07
2.31312499335416e-08,8.15224718930888e-08,2.43092055945253e-08,-1.11362228342437e-08,6.17329937590912e-08,2.94303096219384e-08,3.87857919670402e-08,3.41336981850806e-08,-1.6713978946587e-09,1.56876284319497e-07,3.24924989785909e-08,4.02629232159655e-08,2.76982052940862e-08,5.67171651576845e-08,2.42752374963718e-08,0.00163712671718891,6.18166090110815e-08,-4.16760543902895e-08,-5.13170773050449e-08,4.64463255270442e-08,-1.4491717073482e-08,6.67819441569701e-08,1.17858317892286e-07,4.28074035077653e-08,-1.99081804475855e-08,-1.69390674088969e-08,1.26465660039001e-07,7.61805523481869e-08,-1.18261118384375e-08,3.09087325186457e-08,5.93481703980052e-08,5.52456170362606e-09,6.00480071627204e-08,4.77311367326666e-08,1.02462124815573e-07,1.22031127896135e-07,1.57981862155188e-08,-2.59039997339743e-08,2.32254287706966e-08,3.3221786681849e-08,5.08092165477417e-08,6.19219810120991e-09,3.8508028435988e-08,7.23377692493708e-08,5.48051060930258e-08,2.14405488785539e-07
1.11269407380204e-07,3.92151620071336e-07,1.16935786356454e-07,-5.3569129155593e-08,2.96957304560506e-07,1.41570088951419e-07,1.86573233151853e-07,1.64195033976149e-07,-8.04000880927404e-09,7.5462982927383e-07,1.56300291425546e-07,1.93678751408018e-07,1.33238060953169e-07,2.72829413607674e-07,1.16772387916584e-07,6.18166090110815e-08,0.0033072568982777,-2.00476406907365e-07,-2.46853101177927e-07,2.23423080517939e-07,-6.97102307623129e-08,3.21244522945942e-07,5.669397557149e-07,2.05918592098538e-07,-9.57653151812119e-08,-8.1482842370235e-08,6.08344083735877e-07,3.66455117558859e-07,-5.68877367049174e-08,1.48681820485451e-07,2.85485469581553e-07,2.65750752148707e-08,2.88851929340385e-07,2.29603472059935e-07,4.92878678839284e-07,5.87012432183849e-07,7.59948045580491e-08,-1.24607304294298e-07,1.11722440546509e-07,1.59808420505658e-07,2.44410113200228e-07,2.97866399386986e-08,1.85237093359113e-07,3.47969986002008e-07,2.63631740346964e-07,1.03136543614257e-06
-7.5016568332329e-08,-2.64384159998219e-07,-7.88367765609599e-08,3.61156973189636e-08,-2.00205235687367e-07,-9.54449430592317e-08,-1.25785550792909e-07,-1.10698423547929e-07,5.4204824527603e-09,-5.08762844039426e-07,-1.05375877953794e-07,-1.30576010348237e-07,-8.98275845921206e-08,-1.83938486155814e-07,-7.87266151920943e-08,-4.16760543902895e-08,-2.00476406907365e-07,0.0037995793124509,1.66425551897527e-07,-1.50629298576414e-07,4.69978443542411e-08,-2.16579401961011e-07,-3.82224332152481e-07,-1.38827971665869e-07,6.45638857912757e-08,5.49348051409378e-08,-4.10138658968535e-07,-2.47059870402228e-07,3.83530647666163e-08,-1.00239591535798e-07,-1.92471055081415e-07,-1.79166133147556e-08,-1.94740683944212e-07,-1.54796048227974e-07,-3.32293196856491e-07,-3.95757102222878e-07,-5.12348324957928e-08,8.40088266612226e-08,-7.53219981380332e-08,-1.07741018660958e-07,-1.64778517201478e-07,-2.00818137074882e-08,-1.24884740548444e-07,-2.34597405047053e-07,-1.77737519502844e-07,-6.95334841243668e-07
-9.23703333386155e-08,-3.2554479005621e-07,-9.70742796180333e-08,4.44704293234316e-08,-2.46519199260792e-07,-1.1752445362216e-07,-1.54883827855867e-07,-1.36306558810886e-07,6.67441582770733e-09,-6.26456188798643e-07,-1.29752735813249e-07,-1.60782476058629e-07,-1.10607617973389e-07,-2.26489423039773e-07,-9.69386343520692e-08,-5.13170773050449e-08,-2.46853101177927e-07,1.66425551897527e-07,0.00464481904822952,-1.85474740172419e-07,5.78699698707324e-08,-2.6668124119982e-07,-4.70645215529525e-07,-1.70943383636142e-07,7.94996063503786e-08,6.76430070791905e-08,-5.05017031386247e-07,-3.04212830458335e-07,4.72253724184703e-08,-1.23428259779487e-07,-2.36995851864947e-07,-2.20613070015605e-08,-2.39790519486675e-07,-1.90605394144059e-07,-4.09163389397011e-07,-4.87308554178391e-07,-6.30871107729006e-08,1.03442792633569e-07,-9.27464189633199e-08,-1.32665010266348e-07,-2.02897131917774e-07,-2.47273884615333e-08,-1.53774630989017e-07,-2.88867392714786e-07,-2.18853971705622e-07,-8.56188339395834e-07
8.36030186556463e-08,2.94645760956022e-07,8.78604906635873e-08,-4.02495259892842e-08,2.23120870845218e-07,1.06369639835007e-07,1.40183055334702e-07,1.23369044662628e-07,-6.04091476982994e-09,5.66996204799699e-07,1.17437276674645e-07,1.45521834333482e-07,1.00109314480735e-07,2.04992217471893e-07,8.77377201452719e-08,4.64463255270442e-08,2.23423080517939e-07,-1.50629298576414e-07,-1.85474740172419e-07,0.00169772999482126,-5.23772513948692e-08,2.41369235958131e-07,4.25974003903008e-07,1.5471832107395e-07,-7.19539145589367e-08,-6.12226824172501e-08,4.57083424627559e-07,2.75338520722463e-07,-4.27429841229194e-08,1.11713087221961e-07,2.14501430368801e-07,1.99673617508573e-08,2.17030842582343e-07,1.72514115155097e-07,3.70327714977136e-07,4.4105574456123e-07,5.70992082440903e-08,-9.36245373353125e-08,8.39434081764141e-08,1.20073133086901e-07,1.83639184701388e-07,2.2380392536602e-08,1.39179137702272e-07,2.61449592626361e-07,1.98081483719388e-07,7.74923366887243e-07
-2.60849761331758e-08,-9.19324178225732e-08,-2.74133498869063e-08,1.25582537770149e-08,-6.96159383285359e-08,-3.31883891396221e-08,-4.3738512215006e-08,-3.84923730906456e-08,1.88482569322778e-09,-1.76908474210967e-07,-3.66416022825798e-08,-4.54042645407336e-08,-3.12351051544502e-08,-6.39596175619668e-08,-2.7375044260009e-08,-1.4491717073482e-08,-6.97102307623129e-08,4.69978443542411e-08,5.78699698707324e-08,-5.23772513948692e-08,0.00234945567304115,-7.53096103525145e-08,-1.32908140206405e-07,-4.82736601796908e-08,2.24503394032851e-08,1.9102087883224e-08,-1.42614589927548e-07,-8.59083661939556e-08,1.33362375980639e-08,-3.48555980490477e-08,-6.69265868825701e-08,-6.23001612966786e-09,-6.77157887353522e-08,-5.38261255253459e-08,-1.15545942741862e-07,-1.37613793799332e-07,-1.78155227911706e-08,2.92117899705325e-08,-2.61911810605575e-08,-3.74640157876157e-08,-5.72972582459265e-08,-6.98290581555384e-09,-4.34252798951365e-08,-8.15748820240303e-08,-6.18033996658244e-08,-2.41783823782167e-07
1.20206971377415e-07,4.23650666246908e-07,1.26328494547609e-07,-5.78719966856322e-08,3.20809996656546e-07,1.52941514034782e-07,2.01559474659938e-07,1.77383777034443e-07,-8.68581159516911e-09,8.15244445205895e-07,1.68854900012839e-07,2.09235734017751e-07,1.43940227205967e-07,2.94744065638741e-07,1.26151971350021e-07,6.67819441569701e-08,3.21244522945942e-07,-2.16579401961011e-07,-2.6668124119982e-07,2.41369235958131e-07,-7.53096103525145e-08,0.00254802068232193,6.12478421450319e-07,2.22458723284891e-07,-1.0345753403361e-07,-8.80278409956902e-08,6.57208495875107e-07,3.95890127076764e-07,-6.14571668782928e-08,1.60624485743566e-07,3.08416702116481e-07,2.87096820313878e-08,3.12053568182373e-07,2.48046059055169e-07,5.32468489180727e-07,6.34163408389508e-07,8.20989840013016e-08,-1.34616216742666e-07,1.20696393817395e-07,1.72644814795798e-07,2.64042023531417e-07,3.21792113290031e-08,2.00116011253386e-07,3.75920202438183e-07,2.8480760176767e-07,1.11420846377314e-06
2.1214404019398e-07,7.47668483272147e-07,2.22947445708529e-07,-1.02133836750913e-07,5.66172893680638e-07,2.69914717332433e-07,3.55716817450482e-07,3.13050987756813e-07,-1.53289209689638e-08,1.43876223125751e-06,2.97999028548892e-07,3.69264057307564e-07,2.54029038382797e-07,5.20171136426702e-07,2.2263591349126e-07,1.17858317892286e-07,5.669397557149e-07,-3.82224332152481e-07,-4.70645215529525e-07,4.25974003903008e-07,-1.32908140206405e-07,6.12478421450319e-07,0.00492961574946728,3.92600294253135e-07,-1.82584246212195e-07,-1.55353567471109e-07,1.15985673681942e-06,6.98676042400917e-07,-1.08461027934077e-07,2.83473803301583e-07,5.44300921157608e-07,5.06675101205273e-08,5.50719346412168e-07,4.37757415557387e-07,9.39712691172644e-07,1.1191862340208e-06,1.44890183674733e-07,-2.3757380930723e-07,2.13007784223041e-07,3.0468755771517e-07,4.65987463215239e-07,5.6790615580497e-08,3.53169359882679e-07,6.63432658039319e-07,5.02635035427765e-07,1.9663808381048e-06
7.70529877971863e-08,2.71561201838299e-07,8.09769004016576e-08,-3.7096103523116e-08,2.05640059593387e-07,9.80359165493408e-08,1.2920015838863e-07,1.13703472025265e-07,-5.56762829295414e-09,5.22573853815404e-07,1.08236439210621e-07,1.34120661017121e-07,9.22660677940465e-08,1.88931728607065e-07,8.08637485633421e-08,4.28074035077653e-08,2.05918592098538e-07,-1.38827971665869e-07,-1.70943383636142e-07,1.5471832107395e-07,-4.82736601796908e-08,2.22458723284891e-07,3.92600294253135e-07,0.00265824376042998,-6.63165539907821e-08,-5.64260797883138e-08,4.2127239071582e-07,2.53766622527216e-07,-3.93942071350818e-08,1.02960721812626e-07,1.97695924889549e-07,1.84029824050725e-08,2.00027165693507e-07,1.58998182405826e-07,3.41313715245448e-07,4.06500428453849e-07,5.26256667140541e-08,-8.62893523322298e-08,7.73667088806084e-08,1.10665784648556e-07,1.69251638103688e-07,2.06269598962928e-08,1.28274894512697e-07,2.40965847814608e-07,1.8256242888483e-07,7.14210583453431e-07
-3.58345673736957e-08,-1.26293326989088e-07,-3.76594376949287e-08,1.72520606793294e-08,-9.56357797523214e-08,-4.55929712404694e-08,-6.00863368550461e-08,-5.28793865805325e-08,2.58930324286328e-09,-2.43030264077101e-07,-5.03368666688293e-08,-6.23746852759696e-08,-4.29096225492824e-08,-8.7865337235448e-08,-3.76068148533039e-08,-1.99081804475855e-08,-9.57653151812119e-08,6.45638857912757e-08,7.94996063503786e-08,-7.19539145589367e-08,2.24503394032851e-08,-1.0345753403361e-07,-1.82584246212195e-07,-6.63165539907821e-08,0.0046932232429888,2.62417359224283e-08,-1.95918604837477e-07,-1.18017709528439e-07,1.83208258378134e-08,-4.78833206617539e-08,-9.19412490350999e-08,-8.5585638107545e-09,-9.30254251072027e-08,-7.39443238036873e-08,-1.58732706857813e-07,-1.89048697621009e-07,-2.44743007813551e-08,4.01300676090689e-08,-3.59804677420243e-08,-5.14666676701714e-08,-7.87128364794756e-08,-9.59285558223625e-09,-5.96560299759954e-08,-1.12064530592902e-07,-8.49032055057812e-08,-3.32153599794647e-07
-3.04901873835138e-08,-1.07457895752672e-07,-3.20428959027703e-08,1.46790822777067e-08,-8.13726259007995e-08,-3.87932194631013e-08,-5.11250394289425e-08,-4.49929362548747e-08,2.20313364591066e-09,-2.06784644957511e-07,-4.28296086576494e-08,-5.30721027609792e-08,-3.65100663401295e-08,-7.476106991572e-08,-3.19981212502661e-08,-1.69390674088969e-08,-8.1482842370235e-08,5.49348051409378e-08,6.76430070791905e-08,-6.12226824172501e-08,1.9102087883224e-08,-8.80278409956902e-08,-1.55353567471109e-07,-5.64260797883138e-08,2.62417359224283e-08,0.00251378763249467,-1.66699235157955e-07,-1.00416506792729e-07,1.55884514242997e-08,-4.07419853656011e-08,-7.82290987950441e-08,-7.28213659180985e-09,-7.91515804661749e-08,-6.29162413267088e-08,-1.35059255090651e-07,-1.60853908321633e-07,-2.08241949490302e-08,3.4145055201971e-08,-3.06143281195599e-08,-4.37909107400149e-08,-6.69735763437397e-08,-8.16217372447114e-09,-5.0758908669281e-08,-9.53511870588741e-08,-7.22407115547456e-08,-2.82616095018953e-07
2.27637187992039e-07,8.02271659042224e-07,2.39229579886815e-07,-1.09592800135027e-07,6.07521216796519e-07,2.89626930810969e-07,3.81695266913293e-07,3.35913497668521e-07,-1.64484114714534e-08,1.54383685826451e-06,3.19762274826112e-07,3.96231878845921e-07,2.72581100618743e-07,5.58159892978968e-07,2.38895296077366e-07,1.26465660039001e-07,6.08344083735877e-07,-4.10138658968535e-07,-5.05017031386247e-07,4.57083424627559e-07,-1.42614589927548e-07,6.57208495875107e-07,1.15985673681942e-06,4.2127239071582e-07,-1.95918604837477e-07,-1.66699235157955e-07,0.0189753182653917,7.4970123819705e-07,-1.16382074099577e-07,3.04176253992226e-07,5.8405190643348e-07,5.43678225221353e-08,5.90939077409148e-07,4.69727393751097e-07,1.008341098545e-06,1.20092182141407e-06,1.55471697197847e-07,-2.54924125333922e-07,2.28564012340914e-07,3.26939275744083e-07,5.0001911752443e-07,6.09381061247842e-08,3.78961765294611e-07,7.11883984862661e-07,5.39343108325993e-07,2.10998811985626e-06
1.37124391798324e-07,4.83273468072558e-07,1.44107432232449e-07,-6.6016656577731e-08,3.65959437878462e-07,1.74465855452662e-07,2.29926102098989e-07,2.02348019104219e-07,-9.90821595964584e-09,9.29978498208998e-07,1.92618824025856e-07,2.38682685711942e-07,1.64197765610117e-07,3.36225098043451e-07,1.439060659071e-07,7.61805523481869e-08,3.66455117558859e-07,-2.47059870402228e-07,-3.04212830458335e-07,2.75338520722463e-07,-8.59083661939556e-08,3.95890127076764e-07,6.98676042400917e-07,2.53766622527216e-07,-1.18017709528439e-07,-1.00416506792729e-07,7.4970123819705e-07,0.002525615069719,-7.01063884504236e-08,1.83230096084455e-07,3.51821963514781e-07,3.27501611775654e-08,3.55970666719122e-07,2.82955011645038e-07,6.07405850875617e-07,7.23412882628384e-07,9.36532475566052e-08,-1.53561533374575e-07,1.3768269348121e-07,1.96942115375981e-07,3.01202180464775e-07,3.67079773450505e-08,2.28279491761514e-07,4.2882562078861e-07,3.24890218299507e-07,1.27101744749675e-06
-2.12869077894432e-08,-7.50223765227353e-08,-2.23709405852262e-08,1.02482896201599e-08,-5.6810788413579e-08,-2.70837195973804e-08,-3.56932539104038e-08,-3.14120891809172e-08,1.53813101173914e-09,-1.44367944155809e-07,-2.99017490015915e-08,-3.7052607891668e-08,-2.54897225062323e-08,-5.21948908190884e-08,-2.23396808921592e-08,-1.18261118384375e-08,-5.68877367049174e-08,3.83530647666163e-08,4.72253724184703e-08,-4.27429841229194e-08,1.33362375980639e-08,-6.14571668782928e-08,-1.08461027934077e-07,-3.93942071350818e-08,1.83208258378134e-08,1.55884514242997e-08,-1.16382074099577e-07,-7.01063884504236e-08,0.00207269987120363,-2.84442622384582e-08,-5.46161160492493e-08,-5.08406748014292e-09,-5.52601521787692e-08,-4.39253524661567e-08,-9.42924316293343e-08,-1.12301123995898e-07,-1.4538537008437e-08,2.383857574922e-08,-2.13735773913019e-08,-3.05728878348077e-08,-4.67580053223708e-08,-5.69847069973009e-09,-3.5437637517439e-08,-6.6570004998844e-08,-5.04352874637012e-08,-1.97310127314398e-07
5.56354741103062e-08,1.96078525261158e-07,5.84687028319722e-08,-2.67849354860308e-08,1.4848070838815e-07,7.07860246953351e-08,9.32879083936126e-08,8.20986538609544e-08,-4.02006007299524e-09,3.77320139631646e-07,7.81512279231061e-08,9.68407167197178e-08,6.66199530059349e-08,1.36416595852206e-07,5.83870024806801e-08,3.09087325186457e-08,1.48681820485451e-07,-1.00239591535798e-07,-1.23428259779487e-07,1.11713087221961e-07,-3.48555980490477e-08,1.60624485743566e-07,2.83473803301583e-07,1.02960721812626e-07,-4.78833206617539e-08,-4.07419853656011e-08,3.04176253992226e-07,1.83230096084455e-07,-2.84442622384582e-08,0.00236699857815911,1.42744711468634e-07,1.32877216110654e-08,1.4442796465714e-07,1.14803325785481e-07,2.46442752070984e-07,2.93510280517615e-07,3.79979284607867e-08,-6.2304514917852e-08,5.58619938302232e-08,7.99053167531587e-08,1.2220674887559e-07,1.48935262095888e-08,9.2619829245921e-08,1.73987402316502e-07,1.3181769553792e-07,5.15689859160543e-07
1.0682623739684e-07,3.76492362524695e-07,1.12266348564404e-07,-5.14300259438198e-08,2.85099312206367e-07,1.3591696304214e-07,1.79123057863267e-07,1.57638456893937e-07,-7.71895806721979e-09,7.24496222158229e-07,1.50058964365358e-07,1.85944841118273e-07,1.27917646591241e-07,2.61934887523084e-07,1.12109474892307e-07,5.93481703980052e-08,2.85485469581553e-07,-1.92471055081415e-07,-2.36995851864947e-07,2.14501430368801e-07,-6.69265868825701e-08,3.08416702116481e-07,5.44300921157608e-07,1.97695924889549e-07,-9.19412490350999e-08,-7.82290987950441e-08,5.8405190643348e-07,3.51821963514781e-07,-5.46161160492493e-08,1.42744711468634e-07,0.00347909257724971,2.55138888629303e-08,2.77317597916324e-07,2.20435028737081e-07,4.73197224584962e-07,5.63572062724265e-07,7.29602073362791e-08,-1.1963153020523e-07,1.07261180205576e-07,1.53427008095925e-07,2.34650416405122e-07,2.8597210538498e-08,1.77840272324499e-07,3.34074973587383e-07,2.53104492445219e-07,9.90181322237027e-07
9.94416737882928e-09,3.50466623278001e-08,1.04505727089051e-08,-4.78748291379967e-09,2.65391288624858e-08,1.26521448573755e-08,1.66740841220787e-08,1.46741403506556e-08,-7.18537064311778e-10,6.74414064749608e-08,1.3968585758568e-08,1.73091055939842e-08,1.19075099844981e-08,2.43828148155055e-08,1.04359697603161e-08,5.52456170362606e-09,2.65750752148707e-08,-1.79166133147556e-08,-2.20613070015605e-08,1.99673617508573e-08,-6.23001612966786e-09,2.87096820313878e-08,5.06675101205273e-08,1.84029824050725e-08,-8.5585638107545e-09,-7.28213659180985e-09,5.43678225221353e-08,3.27501611775654e-08,-5.08406748014292e-09,1.32877216110654e-08,2.55138888629303e-08,0.00316486613492695,2.58147499900281e-08,2.05197044783628e-08,4.40486580744212e-08,5.2461408904101e-08,6.79166964432946e-09,-1.11361776763418e-08,9.98465503612855e-09,1.42821078989347e-08,2.18429767171932e-08,2.66203748341378e-09,1.65546730633398e-08,3.10981415744331e-08,2.35608170664949e-08,9.21733184998127e-08
1.08085938039086e-07,3.80931980379168e-07,1.13590199285308e-07,-5.20364915302796e-08,2.88461218377003e-07,1.37519703060028e-07,1.81235286436789e-07,1.59497337916343e-07,-7.8099804290636e-09,7.33039519934105e-07,1.51828467610929e-07,1.88137512520794e-07,1.29426058246395e-07,2.6502363757251e-07,1.13431475750571e-07,6.00480071627204e-08,2.88851929340385e-07,-1.94740683944212e-07,-2.39790519486675e-07,2.17030842582343e-07,-6.77157887353522e-08,3.12053568182373e-07,5.50719346412168e-07,2.00027165693507e-07,-9.30254251072027e-08,-7.91515804661749e-08,5.90939077409148e-07,3.55970666719122e-07,-5.52601521787692e-08,1.4442796465714e-07,2.77317597916324e-07,2.58147499900281e-08,0.00242590095402021,2.23034410256455e-07,4.78777191288314e-07,5.70217734299577e-07,7.38205579606159e-08,-1.21042231537643e-07,1.0852600971643e-07,1.55236227491329e-07,2.37417426527839e-07,2.89344303578948e-08,1.79937374223092e-07,3.38014403347725e-07,2.56089114008779e-07,1.00185759276716e-06
8.59156686656044e-08,3.02796334140655e-07,9.02909120511809e-08,-4.13629195984711e-08,2.29292902578993e-07,1.09312066467195e-07,1.44060838093373e-07,1.26781713570466e-07,-6.20802023835551e-09,5.82680611891233e-07,1.20685859362667e-07,1.4954729988523e-07,1.02878566247641e-07,2.1066276934192e-07,9.01647454205604e-08,4.77311367326666e-08,2.29603472059935e-07,-1.54796048227974e-07,-1.90605394144059e-07,1.72514115155097e-07,-5.38261255253459e-08,2.48046059055169e-07,4.37757415557387e-07,1.58998182405826e-07,-7.39443238036873e-08,-6.29162413267088e-08,4.69727393751097e-07,2.82955011645038e-07,-4.39253524661567e-08,1.14803325785481e-07,2.20435028737081e-07,2.05197044783628e-08,2.23034410256455e-07,0.00449631838730022,3.80571823473472e-07,4.53256351530375e-07,5.86787024613768e-08,-9.62144053889131e-08,8.62654741361937e-08,1.23394629569856e-07,1.8871906302585e-07,2.2999485194438e-08,1.43029149811511e-07,2.68681884147811e-07,2.03560868945692e-07,7.96359513105003e-07
1.84431014407495e-07,6.49998259127661e-07,1.93823137967893e-07,-8.87917808111727e-08,4.92211994341524e-07,2.34654931034663e-07,3.09248439994875e-07,2.72156178323297e-07,-1.33264570689483e-08,1.25081231393247e-06,2.59070502652188e-07,3.21025962413033e-07,2.20844446985456e-07,4.52219587545117e-07,1.93552302158417e-07,1.02462124815573e-07,4.92878678839284e-07,-3.32293196856491e-07,-4.09163389397011e-07,3.70327714977136e-07,-1.15545942741862e-07,5.32468489180727e-07,9.39712691172644e-07,3.41313715245448e-07,-1.58732706857813e-07,-1.35059255090651e-07,1.008341098545e-06,6.07405850875617e-07,-9.42924316293343e-08,2.46442752070984e-07,4.73197224584962e-07,4.40486580744212e-08,4.78777191288314e-07,3.80571823473472e-07,0.0127790536615675,9.72983508104309e-07,1.25962735169864e-07,-2.06538814887851e-07,1.85181924908316e-07,2.64885288765919e-07,4.05114093534648e-07,4.93718835125419e-08,3.07033764612241e-07,5.76766417766776e-07,4.36974281134299e-07,1.70950648602487e-06
2.1965506520273e-07,7.74139915941085e-07,2.30840968613167e-07,-1.05749916662346e-07,5.8621841916334e-07,2.79471130938302e-07,3.68311080807872e-07,3.24134654287842e-07,-1.58716461317813e-08,1.48970205068746e-06,3.0854977583346e-07,3.82337964859875e-07,2.63023014638257e-07,5.38587955541481e-07,2.30518406501904e-07,1.22031127896135e-07,5.87012432183849e-07,-3.95757102222878e-07,-4.87308554178391e-07,4.4105574456123e-07,-1.37613793799332e-07,6.34163408389508e-07,1.1191862340208e-06,4.06500428453849e-07,-1.89048697621009e-07,-1.60853908321633e-07,1.20092182141407e-06,7.23412882628384e-07,-1.12301123995898e-07,2.93510280517615e-07,5.63572062724265e-07,5.2461408904101e-08,5.70217734299577e-07,4.53256351530375e-07,9.72983508104309e-07,0.00358521675065526,1.50020065202907e-07,-2.45985183114851e-07,2.2054939035487e-07,3.15475114432583e-07,4.8248589271047e-07,5.88013047966419e-08,3.6567342972116e-07,6.86921695400909e-07,5.20430983491732e-07,2.03600115663097e-06
2.84366102574109e-08,1.00220384419562e-07,2.98847406493328e-08,-1.36904157530143e-08,7.58920113955846e-08,3.61804159688077e-08,4.76816623771127e-08,4.19625690233773e-08,-2.05474804223818e-09,1.92857271813729e-07,3.99449460101892e-08,4.94975869702676e-08,3.40510379266431e-08,6.97257573684147e-08,2.98429816621985e-08,1.57981862155188e-08,7.59948045580491e-08,-5.12348324957928e-08,-6.30871107729006e-08,5.70992082440903e-08,-1.78155227911706e-08,8.20989840013016e-08,1.44890183674733e-07,5.26256667140541e-08,-2.44743007813551e-08,-2.08241949490302e-08,1.55471697197847e-07,9.36532475566052e-08,-1.4538537008437e-08,3.79979284607867e-08,7.29602073362791e-08,6.79166964432946e-09,7.38205579606159e-08,5.86787024613768e-08,1.25962735169864e-07,1.50020065202907e-07,0.0111266287974155,-3.18453151757684e-08,2.85523898583563e-08,4.08415024108444e-08,6.24627675808138e-08,7.61243445757131e-09,4.73401912806978e-08,8.89290875739515e-08,6.73751503511949e-08,2.63581317013186e-07
-4.66269946748387e-08,-1.64329548716987e-07,-4.90014678438064e-08,2.24479266914651e-08,-1.2443875620803e-07,-5.93243726112326e-08,-7.81827579876783e-08,-6.88052642239823e-08,3.36913314056504e-09,-3.16224574745828e-07,-6.54970043209849e-08,-8.11602966453626e-08,-5.58328700118025e-08,-1.1432806118897e-07,-4.89329963891177e-08,-2.59039997339743e-08,-1.24607304294298e-07,8.40088266612226e-08,1.03442792633569e-07,-9.36245373353125e-08,2.92117899705325e-08,-1.34616216742666e-07,-2.3757380930723e-07,-8.62893523322298e-08,4.01300676090689e-08,3.4145055201971e-08,-2.54924125333922e-07,-1.53561533374575e-07,2.383857574922e-08,-6.2304514917852e-08,-1.1963153020523e-07,-1.11361776763418e-08,-1.21042231537643e-07,-9.62144053889131e-08,-2.06538814887851e-07,-2.45985183114851e-07,-3.18453151757684e-08,0.00275366449367376,-4.68168363890186e-08,-6.69670716089152e-08,-1.02419068412251e-07,-1.24819708714485e-08,-7.76228540170565e-08,-1.45815413834997e-07,-1.10473813446977e-07,-4.32189510406144e-07
4.1805588122818e-08,1.47337255552911e-07,4.39345318388519e-08,-2.01267266745162e-08,1.11571320966048e-07,5.31900094424937e-08,7.00983668694951e-08,6.16905412173537e-08,-3.02075210696357e-09,2.83525764813473e-07,5.87243678263293e-08,7.27680168353783e-08,5.00595413387819e-08,1.02506109824951e-07,4.38731405900089e-08,2.32254287706966e-08,1.11722440546509e-07,-7.53219981380332e-08,-9.27464189633199e-08,8.39434081764141e-08,-2.61911810605575e-08,1.20696393817395e-07,2.13007784223041e-07,7.73667088806084e-08,-3.59804677420243e-08,-3.06143281195599e-08,2.28564012340914e-07,1.3768269348121e-07,-2.13735773913019e-08,5.58619938302232e-08,1.07261180205576e-07,9.98465503612855e-09,1.0852600971643e-07,8.62654741361937e-08,1.85181924908316e-07,2.2054939035487e-07,2.85523898583563e-08,-4.68168363890186e-08,0.00487879575306206,6.00424246297031e-08,9.18285516753627e-08,1.11912881551076e-08,6.95963590744961e-08,1.30737551824966e-07,9.90504057902235e-08,3.87499490135306e-07
5.97989533126643e-08,2.10752056403093e-07,6.2844206629192e-08,-2.87893854096801e-08,1.59592258189987e-07,7.6083294941515e-08,1.00269106498588e-07,8.82425044051948e-08,-4.320901159978e-09,4.05556882089749e-07,8.39996729539056e-08,1.04087789139818e-07,7.1605455389762e-08,1.46625328118261e-07,6.27563922343177e-08,3.3221786681849e-08,1.59808420505658e-07,-1.07741018660958e-07,-1.32665010266348e-07,1.20073133086901e-07,-3.74640157876157e-08,1.72644814795798e-07,3.0468755771517e-07,1.10665784648556e-07,-5.14666676701714e-08,-4.37909107400149e-08,3.26939275744083e-07,1.96942115375981e-07,-3.05728878348077e-08,7.99053167531587e-08,1.53427008095925e-07,1.42821078989347e-08,1.55236227491329e-07,1.23394629569856e-07,2.64885288765919e-07,3.15475114432583e-07,4.08415024108444e-08,-6.69670716089152e-08,6.00424246297031e-08,0.00191072923768632,1.31352087626951e-07,1.60080828412166e-08,9.95510316659236e-08,1.87007744869544e-07,1.41682269223169e-07,5.54281495842294e-07
9.14561879915833e-08,3.22323027783365e-07,9.61135815473225e-08,-4.40303265915565e-08,2.44079515751886e-07,1.1636136988566e-07,1.53351016124573e-07,1.34957597493943e-07,-6.60836230215936e-09,6.20256449234963e-07,1.28468634571852e-07,1.59191288205766e-07,1.09512986876346e-07,2.24247964719331e-07,9.59792786981739e-08,5.08092165477417e-08,2.44410113200228e-07,-1.64778517201478e-07,-2.02897131917774e-07,1.83639184701388e-07,-5.72972582459265e-08,2.64042023531417e-07,4.65987463215239e-07,1.69251638103688e-07,-7.87128364794756e-08,-6.69735763437397e-08,5.0001911752443e-07,3.01202180464775e-07,-4.67580053223708e-08,1.2220674887559e-07,2.34650416405122e-07,2.18429767171932e-08,2.37417426527839e-07,1.8871906302585e-07,4.05114093534648e-07,4.8248589271047e-07,6.24627675808138e-08,-1.02419068412251e-07,9.18285516753627e-08,1.31352087626951e-07,0.00270494008158794,2.44826732343672e-08,1.52252796452653e-07,2.86008609235121e-07,2.16688077822996e-07,8.47715049776182e-07
